<pull>
 <ip>76.119.199.103</ip>
 <referer>http://www.cs.umb.edu/~joecohen/mouse/?name=1234</referer>
 <date>Mon May 7 10:53:49 EDT 2012</date>
 <userAgent>Mozilla/5.0 (Windows NT 6.1; WOW64) AppleWebKit/535.19 (KHTML, like Gecko) Chrome/18.0.1025.168 Safari/535.19</userAgent>
 <userLang>en-US,en;q=0.8</userLang>
 <data>  
8,295, 456,1
8,296, 456,287
8,298, 454,295
8,299, 453,303
8,303, 449,311
8,306, 447,319
8,310, 444,328
8,316, 438,335
8,321, 433,343
8,326, 427,351
8,335, 420,359
8,340, 416,367
8,346, 412,375
8,353, 406,383
8,356, 404,391
8,360, 401,399
8,364, 397,407
8,366, 396,415
8,368, 393,423
8,371, 391,431
8,372, 390,439
8,374, 387,447
8,377, 385,455
8,378, 383,463
8,379, 383,471
8,381, 381,479
8,381, 380,487
8,382, 380,495
8,383, 378,503
8,384, 378,511
8,385, 377,519
8,386, 376,527
8,387, 374,535
8,388, 373,543
8,390, 371,551
8,391, 370,559
8,392, 368,567
8,394, 367,575
8,394, 366,583
8,396, 365,591
8,397, 364,607
8,398, 363,615
8,399, 362,623
8,401, 360,639
8,402, 359,655
8,403, 358,679
8,403, 357,695
6,403, 357,1176
6,402, 357,1479
6,401, 357,1487
6,398, 357,1495
6,396, 357,1503
6,394, 357,1511
6,391, 358,1519
6,387, 358,1527
6,382, 358,1535
6,375, 358,1543
6,371, 359,1551
6,365, 359,1559
6,361, 359,1567
6,353, 359,1575
6,349, 359,1583
6,341, 359,1591
6,336, 359,1599
6,331, 359,1608
6,327, 359,1615
6,320, 359,1623
6,314, 359,1631
6,307, 359,1639
6,303, 359,1647
6,299, 359,1655
6,293, 359,1663
6,289, 359,1671
6,285, 359,1679
6,279, 359,1687
6,276, 359,1695
6,273, 359,1703
6,268, 359,1711
6,265, 359,1719
6,262, 359,1727
6,257, 359,1735
6,254, 359,1743
6,250, 359,1751
6,247, 359,1759
6,245, 359,1767
6,242, 359,1775
6,239, 359,1783
6,237, 359,1791
6,235, 359,1799
6,234, 359,1847
6,233, 359,1879
6,232, 359,1911
6,231, 359,1927
6,230, 359,1959
6,229, 359,1975
6,228, 359,1983
6,227, 359,1999
6,226, 359,2015
6,225, 359,2039
6,224, 359,2047
6,223, 360,2071
6,221, 360,2079
6,220, 360,2087
6,219, 360,2095
6,215, 359,2103
6,214, 359,2111
6,213, 359,2119
6,211, 358,2127
6,210, 358,2135
6,209, 358,2143
6,207, 358,2151
6,206, 357,2159
6,205, 357,2167
6,203, 356,2175
6,201, 356,2191
6,200, 356,2199
6,199, 355,2215
6,198, 355,2223
6,197, 355,2239
6,196, 355,2255
6,195, 355,2271
6,194, 355,2279
4,194, 355,2536
4,194, 356,2799
4,195, 356,2824
4,196, 355,2832
4,198, 354,2840
4,202, 351,2848
4,205, 350,2856
4,210, 347,2864
4,219, 343,2872
4,226, 338,2880
4,235, 333,2888
4,250, 325,2896
4,260, 320,2904
4,269, 314,2912
4,281, 308,2920
4,290, 303,2928
4,297, 300,2936
4,303, 296,2944
4,312, 290,2952
4,317, 286,2960
4,325, 281,2968
4,330, 278,2976
4,333, 275,2984
4,338, 271,2992
4,342, 269,3000
4,344, 267,3008
4,347, 265,3016
4,349, 264,3024
4,352, 262,3032
4,355, 261,3040
4,357, 260,3048
4,360, 259,3056
4,363, 259,3064
4,365, 258,3072
4,366, 257,3080
4,369, 256,3088
4,371, 256,3096
4,372, 255,3104
4,374, 255,3109
4,375, 254,3119
4,376, 254,3124
4,377, 254,3144
4,377, 253,3152
4,378, 253,3160
4,380, 253,3176
4,382, 252,3192
4,383, 252,3200
4,384, 252,3208
4,385, 252,3216
4,387, 252,3224
4,389, 252,3240
4,390, 252,3248
4,391, 252,3264
4,392, 252,3272
4,393, 252,3280
4,394, 252,3296
4,395, 252,3304
4,396, 252,3320
3,396, 252,3521
3,395, 253,3824
3,393, 256,3831
3,388, 262,3839
3,384, 266,3847
3,379, 272,3856
3,371, 279,3864
3,365, 285,3872
3,359, 290,3880
3,350, 298,3888
3,343, 303,3896
3,337, 308,3904
3,330, 314,3912
3,326, 317,3920
3,322, 320,3928
3,319, 324,3936
3,316, 326,3944
3,315, 327,3952
3,313, 329,3960
3,313, 330,3968
3,311, 331,3976
3,310, 333,3984
3,309, 334,3992
3,308, 335,4000
3,306, 338,4008
3,305, 338,4016
3,304, 340,4024
3,303, 341,4032
3,301, 343,4040
3,299, 344,4056
3,299, 345,4064
3,298, 346,4072
5,298, 346,4377
5,298, 348,4696
5,301, 354,4704
5,312, 368,4712
5,321, 378,4720
5,331, 390,4728
5,347, 408,4736
5,357, 418,4744
5,363, 426,4752
5,372, 436,4760
5,376, 441,4768
5,380, 445,4776
5,384, 450,4784
5,385, 452,4792
5,387, 454,4800
5,388, 457,4808
5,389, 459,4816
5,391, 460,4824
5,391, 462,4832
5,392, 463,4840
5,392, 464,4848
5,393, 464,4856
5,393, 465,4864
5,394, 465,4888
5,394, 466,4904
</data>

</pull>

<pull>
 <ip>76.119.199.103</ip>
 <referer>http://www.cs.umb.edu/~joecohen/mouse/?name=1234</referer>
 <date>Mon May 7 10:54:04 EDT 2012</date>
 <userAgent>Mozilla/5.0 (Windows NT 6.1; WOW64) AppleWebKit/535.19 (KHTML, like Gecko) Chrome/18.0.1025.168 Safari/535.19</userAgent>
 <userLang>en-US,en;q=0.8</userLang>
 <data>  
8,301, 456,0
8,301, 455,230
8,301, 454,238
8,302, 452,246
8,305, 448,254
8,307, 446,262
8,309, 443,270
8,313, 438,278
8,317, 434,286
8,322, 428,294
8,326, 424,303
8,331, 419,310
8,337, 414,318
8,341, 410,326
8,344, 407,334
8,349, 404,342
8,352, 402,350
8,354, 400,358
8,356, 398,366
8,358, 397,374
8,359, 396,382
8,361, 394,390
8,362, 393,398
8,364, 391,406
8,365, 390,414
8,366, 389,422
8,368, 387,430
8,370, 386,438
8,372, 383,446
8,373, 383,454
8,375, 381,462
8,376, 380,467
8,378, 379,477
8,380, 378,494
8,381, 377,502
8,382, 377,510
8,383, 375,518
8,384, 375,526
8,385, 374,534
8,386, 373,542
8,387, 373,550
8,388, 371,558
8,389, 371,566
8,389, 370,574
8,391, 369,582
8,392, 368,590
8,393, 368,598
8,393, 367,606
8,395, 366,614
8,396, 365,630
8,398, 364,638
8,398, 363,646
8,399, 363,654
8,400, 361,662
8,401, 361,670
8,401, 360,678
8,402, 360,686
8,403, 359,694
8,403, 358,710
8,404, 358,734
8,404, 357,750
8,404, 356,766
8,405, 356,782
8,405, 355,798
6,405, 355,999
6,403, 355,1046
6,400, 355,1054
6,397, 355,1062
6,392, 356,1070
6,386, 357,1078
6,379, 358,1087
6,367, 359,1094
6,357, 359,1102
6,347, 359,1110
6,330, 359,1118
6,319, 359,1126
6,307, 359,1134
6,292, 359,1142
6,281, 359,1150
6,272, 359,1158
6,258, 359,1166
6,250, 359,1174
6,242, 359,1182
6,232, 359,1190
6,227, 359,1198
6,222, 359,1206
6,217, 359,1214
6,214, 359,1222
6,212, 359,1230
6,209, 359,1238
6,207, 359,1246
6,205, 359,1262
6,204, 359,1270
6,203, 359,1278
6,202, 359,1294
6,201, 359,1303
6,200, 359,1310
6,198, 359,1318
6,196, 358,1326
6,194, 358,1334
6,193, 358,1342
6,191, 358,1350
6,189, 357,1358
6,188, 357,1366
6,186, 357,1374
6,185, 357,1390
6,184, 356,1398
6,183, 356,1406
6,182, 356,1430
4,182, 356,1935
4,183, 356,2118
4,186, 354,2126
4,190, 352,2134
4,193, 351,2142
4,198, 349,2150
4,206, 347,2158
4,212, 344,2166
4,220, 341,2174
4,230, 337,2182
4,237, 334,2190
4,244, 331,2198
4,254, 328,2206
4,261, 325,2214
4,267, 323,2222
4,275, 318,2230
4,281, 316,2238
4,287, 313,2246
4,295, 310,2254
4,301, 307,2262
4,307, 304,2270
4,316, 300,2278
4,321, 297,2286
4,327, 294,2294
4,334, 290,2302
4,339, 288,2310
4,344, 285,2318
4,351, 283,2326
4,356, 280,2334
4,359, 278,2342
4,365, 276,2350
4,367, 274,2358
4,371, 273,2366
4,374, 270,2374
4,376, 270,2382
4,378, 268,2390
4,379, 267,2398
4,381, 265,2406
4,383, 263,2422
4,384, 262,2438
4,385, 260,2446
4,386, 259,2454
4,387, 258,2462
4,388, 257,2470
4,389, 256,2478
4,390, 255,2494
4,391, 254,2502
4,392, 253,2510
4,394, 251,2526
4,396, 250,2534
4,398, 247,2542
4,402, 245,2550
4,404, 244,2557
4,406, 242,2562
4,408, 241,2572
4,410, 240,2582
4,411, 240,2590
4,413, 239,2598
3,413, 239,2879
3,412, 240,2950
3,409, 243,2958
3,406, 245,2966
3,403, 248,2974
3,398, 252,2982
3,395, 254,2990
3,391, 257,2998
3,386, 261,3006
3,383, 264,3014
3,381, 266,3022
3,377, 269,3030
3,375, 270,3038
3,372, 272,3046
3,369, 275,3054
3,366, 278,3062
3,365, 279,3070
3,362, 282,3078
3,359, 283,3086
3,358, 285,3094
3,354, 287,3102
3,353, 288,3110
3,351, 290,3118
3,347, 293,3126
3,345, 294,3134
3,343, 296,3142
3,340, 298,3150
3,339, 300,3158
3,337, 301,3166
3,334, 304,3174
3,332, 305,3182
3,331, 307,3190
3,328, 309,3198
3,326, 311,3206
3,325, 314,3214
3,321, 317,3222
3,319, 319,3230
3,316, 322,3238
3,313, 326,3246
3,310, 328,3254
3,308, 330,3262
3,306, 333,3270
3,304, 334,3278
3,303, 336,3286
3,301, 337,3294
3,300, 339,3302
3,299, 339,3310
3,298, 340,3318
3,297, 340,3326
3,297, 341,3334
3,296, 341,3342
3,296, 342,3350
3,295, 343,3358
3,294, 343,3374
5,294, 343,3687
5,294, 344,3758
5,295, 345,3766
5,297, 347,3774
5,303, 352,3782
5,307, 355,3790
5,312, 359,3798
5,318, 366,3806
5,323, 370,3814
5,328, 375,3822
5,335, 382,3830
5,340, 387,3838
5,344, 392,3846
5,350, 398,3854
5,354, 403,3862
5,358, 407,3870
5,363, 413,3878
5,365, 417,3886
5,368, 419,3894
5,372, 424,3902
5,374, 427,3910
5,376, 430,3918
5,380, 434,3926
5,381, 435,3934
5,383, 438,3942
5,385, 439,3950
5,386, 440,3958
5,388, 442,3966
5,389, 443,3982
5,390, 444,3990
5,390, 445,4006
5,391, 445,4014
5,391, 447,4022
5,392, 447,4030
5,392, 448,4038
5,393, 450,4046
5,394, 450,4054
5,394, 452,4062
5,396, 453,4070
5,397, 454,4078
5,398, 456,4094
5,399, 456,4102
5,400, 457,4118
</data>

</pull>

<pull>
 <ip>76.119.199.103</ip>
 <referer>http://www.cs.umb.edu/~joecohen/mouse/?name=1234</referer>
 <date>Mon May 7 10:54:16 EDT 2012</date>
 <userAgent>Mozilla/5.0 (Windows NT 6.1; WOW64) AppleWebKit/535.19 (KHTML, like Gecko) Chrome/18.0.1025.168 Safari/535.19</userAgent>
 <userLang>en-US,en;q=0.8</userLang>
 <data>  
8,305, 461,1
8,305, 460,32
8,305, 458,39
8,306, 456,56
8,307, 455,63
8,308, 453,71
8,310, 451,79
8,312, 449,87
8,313, 447,95
8,315, 444,103
8,319, 439,112
8,322, 437,119
8,324, 435,127
8,328, 431,135
8,330, 428,144
8,333, 426,152
8,336, 422,159
8,339, 420,167
8,341, 418,175
8,345, 414,183
8,347, 412,191
8,350, 409,199
8,353, 406,207
8,355, 405,215
8,357, 403,223
8,360, 400,231
8,363, 398,239
8,364, 396,247
8,367, 395,255
8,368, 393,263
8,369, 393,271
8,371, 391,279
8,371, 390,287
8,372, 390,295
8,373, 389,303
8,374, 388,311
8,375, 387,319
8,377, 386,327
8,377, 385,335
8,378, 385,343
8,379, 384,351
8,380, 383,359
8,382, 382,375
8,383, 381,390
8,384, 380,395
8,385, 380,407
8,385, 379,415
8,387, 378,423
8,388, 377,439
8,389, 377,447
8,390, 376,455
8,391, 376,471
8,392, 375,487
8,393, 374,503
8,394, 374,511
8,395, 374,535
8,395, 373,551
8,396, 373,567
8,397, 372,583
8,397, 371,592
8,398, 371,599
8,399, 370,616
8,400, 369,639
8,401, 369,656
8,401, 368,703
8,402, 368,711
8,402, 367,719
8,403, 366,743
8,404, 364,759
8,405, 363,775
8,405, 362,783
8,405, 361,791
8,406, 361,799
6,406, 361,936
6,406, 360,960
6,404, 360,967
6,401, 360,975
6,399, 360,983
6,396, 360,991
6,391, 360,999
6,387, 360,1008
6,381, 360,1016
6,373, 360,1024
6,367, 360,1031
6,361, 360,1039
6,352, 360,1047
6,345, 360,1056
6,340, 360,1063
6,330, 360,1071
6,325, 360,1079
6,319, 360,1087
6,311, 360,1096
6,305, 360,1104
6,300, 360,1111
6,294, 360,1119
6,287, 360,1127
6,282, 360,1135
6,278, 360,1143
6,272, 360,1151
6,268, 360,1160
6,264, 360,1167
6,258, 360,1175
6,254, 360,1183
6,251, 361,1191
6,247, 361,1199
6,245, 361,1207
6,244, 362,1215
6,241, 363,1223
6,239, 363,1231
6,237, 364,1239
6,234, 364,1247
6,232, 364,1255
6,230, 364,1263
6,227, 364,1271
6,224, 364,1279
6,222, 364,1287
6,220, 364,1295
6,218, 364,1303
6,217, 364,1311
6,215, 364,1319
6,214, 364,1327
6,213, 364,1335
6,212, 364,1343
6,211, 364,1351
6,209, 364,1367
6,207, 364,1383
6,206, 364,1391
6,205, 364,1400
6,204, 364,1407
6,202, 363,1415
6,200, 363,1430
6,199, 363,1439
6,198, 363,1447
6,197, 363,1463
6,196, 363,1503
6,195, 363,1535
6,194, 362,1543
6,193, 362,1559
6,192, 362,1575
6,191, 362,1583
4,191, 362,1808
4,192, 362,1952
4,192, 361,1959
4,193, 361,1967
4,195, 360,1975
4,196, 359,1983
4,201, 357,1991
4,203, 356,1999
4,207, 355,2008
4,213, 352,2015
4,218, 350,2024
4,222, 348,2032
4,231, 344,2039
4,238, 341,2047
4,244, 338,2055
4,254, 333,2063
4,262, 329,2071
4,269, 325,2079
4,279, 319,2087
4,285, 316,2095
4,291, 313,2103
4,301, 308,2111
4,306, 305,2119
4,312, 302,2127
4,321, 296,2135
4,327, 293,2143
4,333, 290,2151
4,341, 286,2159
4,345, 283,2167
4,350, 280,2175
4,356, 276,2183
4,360, 273,2191
4,363, 271,2199
4,367, 269,2207
4,371, 265,2215
4,373, 264,2223
4,375, 262,2231
4,379, 260,2239
4,381, 258,2247
4,382, 257,2256
4,385, 254,2264
4,387, 253,2271
4,388, 251,2279
4,390, 250,2287
4,391, 249,2295
4,392, 248,2303
4,393, 247,2311
4,394, 246,2319
4,395, 245,2327
4,397, 244,2335
4,397, 243,2343
4,398, 242,2351
4,400, 241,2359
4,401, 240,2367
4,402, 239,2375
4,403, 239,2383
4,404, 238,2391
4,404, 237,2399
4,405, 237,2407
3,405, 237,2656
3,405, 238,2735
3,403, 240,2743
3,402, 242,2751
3,399, 245,2759
3,395, 249,2767
3,392, 252,2775
3,388, 257,2783
3,383, 262,2791
3,379, 265,2800
3,375, 269,2807
3,370, 274,2815
3,368, 276,2823
3,364, 279,2831
3,361, 282,2839
3,359, 284,2848
3,358, 285,2855
3,355, 288,2863
3,354, 289,2871
3,353, 290,2879
3,352, 292,2887
3,351, 293,2895
3,349, 296,2903
3,347, 298,2911
3,345, 301,2919
3,343, 304,2927
3,338, 308,2935
3,335, 311,2943
3,333, 313,2951
3,329, 317,2959
3,327, 320,2967
3,325, 321,2975
3,323, 323,2983
3,321, 325,2991
3,320, 326,2999
3,319, 328,3007
3,318, 330,3024
3,317, 330,3031
3,317, 331,3040
3,316, 331,3055
3,315, 333,3063
3,314, 333,3071
3,313, 335,3079
3,312, 336,3087
3,311, 337,3095
3,310, 338,3103
3,308, 340,3111
3,307, 341,3119
3,306, 342,3127
3,305, 344,3135
3,304, 344,3143
3,303, 345,3151
3,302, 346,3167
3,301, 347,3175
3,300, 348,3183
3,299, 349,3207
3,298, 350,3223
5,298, 350,3424
5,298, 351,3510
5,299, 353,3515
5,300, 356,3525
5,302, 359,3535
5,304, 365,3543
5,306, 369,3551
5,308, 373,3560
5,312, 380,3568
5,315, 384,3575
5,319, 388,3583
5,323, 394,3591
5,327, 397,3599
5,329, 400,3607
5,333, 404,3615
5,335, 406,3623
5,338, 408,3631
5,340, 410,3639
5,342, 412,3647
5,344, 413,3655
5,347, 416,3663
5,349, 417,3671
5,351, 420,3679
5,355, 422,3687
5,357, 424,3695
5,360, 426,3703
5,363, 429,3711
5,366, 430,3719
5,368, 432,3727
5,371, 435,3735
5,373, 435,3743
5,375, 438,3751
5,377, 439,3759
5,380, 441,3767
5,382, 443,3784
5,384, 444,3791
5,384, 445,3799
5,385, 445,3807
5,386, 446,3815
5,387, 446,3823
5,388, 447,3831
5,389, 448,3839
5,390, 449,3855
5,391, 451,3871
5,392, 452,3887
5,393, 452,3903
</data>

</pull>

<pull>
 <ip>76.119.199.103</ip>
 <referer>http://www.cs.umb.edu/~joecohen/mouse/?name=1234</referer>
 <date>Mon May 7 10:54:22 EDT 2012</date>
 <userAgent>Mozilla/5.0 (Windows NT 6.1; WOW64) AppleWebKit/535.19 (KHTML, like Gecko) Chrome/18.0.1025.168 Safari/535.19</userAgent>
 <userLang>en-US,en;q=0.8</userLang>
 <data>  
8,299, 452,1
8,299, 450,118
8,299, 446,126
8,298, 444,134
8,298, 441,142
8,295, 436,150
8,293, 433,158
8,291, 428,167
8,287, 423,174
8,284, 418,182
8,281, 415,190
8,277, 410,198
8,274, 407,206
8,271, 405,214
8,266, 401,222
8,262, 398,230
8,259, 395,238
8,253, 392,246
8,250, 390,254
8,248, 389,262
8,245, 387,270
8,243, 386,278
8,242, 386,294
8,242, 385,334
8,242, 384,342
8,242, 383,350
8,243, 382,358
8,247, 381,366
8,249, 378,374
8,254, 377,382
8,261, 372,390
8,268, 370,398
8,275, 367,406
8,289, 364,414
8,299, 362,422
8,311, 360,430
8,329, 358,439
8,341, 357,446
8,352, 356,454
8,367, 353,462
8,377, 352,470
8,385, 351,478
8,395, 350,486
8,400, 349,494
8,404, 348,502
8,407, 348,511
8,409, 347,518
8,411, 347,526
8,412, 346,534
8,413, 346,542
6,413, 346,791
6,412, 346,822
6,411, 346,830
6,408, 346,838
6,406, 346,846
6,401, 346,854
6,398, 346,862
6,389, 346,870
6,383, 346,878
6,374, 346,886
6,363, 346,894
6,349, 346,902
6,336, 346,910
6,325, 346,918
6,307, 346,927
6,295, 346,934
6,282, 346,942
6,268, 346,950
6,258, 346,958
6,250, 346,966
6,238, 346,974
6,232, 346,981
6,226, 346,986
6,220, 346,998
6,215, 346,1006
6,213, 346,1014
6,210, 347,1022
6,209, 347,1030
6,207, 347,1038
6,206, 347,1046
6,205, 347,1055
6,204, 347,1070
6,202, 348,1078
6,201, 348,1086
6,200, 348,1094
6,199, 348,1102
6,198, 348,1110
6,198, 349,1126
6,197, 349,1142
6,196, 349,1158
6,194, 349,1174
6,192, 349,1190
6,191, 349,1198
6,190, 350,1206
6,188, 350,1214
6,186, 351,1222
6,185, 351,1230
6,184, 351,1238
6,182, 351,1246
6,181, 351,1262
6,180, 351,1278
4,180, 351,1487
4,181, 351,1558
4,182, 351,1566
4,184, 351,1574
4,186, 350,1582
4,188, 349,1590
4,192, 348,1598
4,197, 347,1606
4,201, 345,1614
4,206, 342,1622
4,216, 339,1630
4,225, 336,1638
4,232, 332,1646
4,246, 328,1654
4,255, 323,1662
4,265, 320,1670
4,277, 317,1678
4,286, 313,1686
4,294, 310,1694
4,304, 307,1702
4,312, 304,1711
4,316, 302,1718
4,325, 299,1726
4,328, 296,1734
4,332, 294,1742
4,336, 293,1750
4,339, 291,1758
4,341, 289,1766
4,343, 288,1774
4,346, 286,1782
4,348, 284,1790
4,350, 283,1798
4,352, 281,1806
4,354, 279,1814
4,355, 277,1822
4,357, 276,1830
4,358, 274,1838
4,360, 273,1846
4,361, 271,1854
4,362, 270,1862
4,363, 269,1870
4,364, 267,1878
4,366, 266,1886
4,367, 264,1894
4,369, 263,1902
4,370, 261,1910
4,371, 260,1918
4,373, 258,1926
4,375, 257,1942
4,376, 256,1958
4,377, 255,1966
4,378, 255,1982
4,380, 254,1990
4,381, 253,1998
4,383, 253,2006
4,386, 252,2014
4,389, 250,2022
4,391, 249,2030
4,394, 249,2038
4,397, 248,2046
4,399, 247,2054
4,401, 246,2062
4,403, 246,2070
4,404, 246,2086
4,405, 246,2102
3,405, 246,2255
3,404, 248,2294
3,402, 250,2302
3,400, 253,2310
3,396, 257,2318
3,391, 263,2326
3,387, 268,2334
3,382, 273,2342
3,376, 281,2351
3,371, 285,2359
3,367, 290,2366
3,362, 295,2374
3,358, 297,2382
3,356, 299,2390
3,354, 301,2398
3,352, 303,2406
3,351, 304,2414
3,349, 306,2422
3,347, 307,2430
3,346, 309,2438
3,343, 311,2446
3,342, 312,2454
3,340, 314,2462
3,337, 316,2470
3,335, 319,2479
3,333, 320,2486
3,330, 324,2494
3,327, 325,2502
3,326, 327,2510
3,322, 330,2518
3,321, 332,2526
3,320, 333,2534
3,317, 335,2542
3,316, 337,2550
3,314, 338,2558
3,314, 340,2566
3,312, 342,2574
3,311, 343,2582
3,309, 345,2590
3,308, 346,2598
3,307, 348,2606
3,306, 348,2614
3,305, 350,2622
3,304, 351,2630
3,303, 352,2638
3,302, 352,2646
3,302, 353,2654
3,301, 354,2662
3,300, 354,2678
3,299, 355,2694
5,299, 355,3063
5,300, 356,3118
5,303, 358,3126
5,305, 360,3134
5,308, 362,3142
5,314, 366,3150
5,318, 370,3158
5,323, 373,3166
5,328, 379,3174
5,332, 383,3182
5,335, 387,3190
5,342, 393,3198
5,346, 398,3206
5,349, 401,3214
5,356, 409,3222
5,360, 413,3230
5,364, 418,3238
5,369, 424,3246
5,371, 426,3254
5,375, 430,3262
5,379, 434,3270
5,380, 435,3278
5,382, 438,3286
5,386, 440,3294
5,388, 442,3302
5,390, 443,3310
5,393, 445,3318
5,394, 446,3326
5,396, 446,3334
5,397, 447,3342
5,399, 448,3351
5,400, 449,3358
5,401, 450,3366
5,402, 450,3375
5,403, 451,3382
5,403, 452,3390
5,404, 452,3398
5,405, 453,3446
</data>

</pull>

<pull>
 <ip>76.119.199.103</ip>
 <referer>http://www.cs.umb.edu/~joecohen/mouse/?name=1234</referer>
 <date>Mon May 7 10:54:29 EDT 2012</date>
 <userAgent>Mozilla/5.0 (Windows NT 6.1; WOW64) AppleWebKit/535.19 (KHTML, like Gecko) Chrome/18.0.1025.168 Safari/535.19</userAgent>
 <userLang>en-US,en;q=0.8</userLang>
 <data>  
8,286, 457,1
8,287, 455,112
8,288, 453,120
8,289, 448,128
8,291, 445,136
8,293, 441,144
8,296, 437,152
8,298, 434,160
8,300, 432,168
8,303, 428,176
8,305, 426,184
8,308, 424,192
8,311, 421,200
8,314, 419,208
8,316, 416,216
8,321, 413,224
8,324, 411,232
8,328, 408,240
8,334, 403,248
8,339, 399,256
8,344, 396,264
8,351, 391,272
8,358, 386,280
8,362, 384,288
8,370, 379,296
8,373, 377,304
8,378, 375,312
8,383, 371,320
8,385, 370,329
8,388, 369,336
8,392, 366,344
8,393, 364,352
8,396, 364,360
8,397, 362,368
8,399, 361,376
8,401, 360,384
8,402, 359,392
8,404, 359,400
8,404, 358,408
8,406, 357,416
8,407, 357,432
8,408, 356,440
8,409, 356,448
6,409, 356,640
6,408, 355,672
6,407, 355,680
6,404, 354,688
6,402, 354,696
6,398, 354,704
6,391, 354,712
6,384, 354,720
6,374, 354,728
6,361, 354,736
6,350, 354,744
6,339, 354,752
6,320, 354,760
6,309, 354,768
6,297, 354,776
6,282, 354,784
6,273, 354,791
6,265, 354,800
6,255, 354,808
6,248, 354,816
6,244, 354,824
6,238, 354,832
6,236, 354,840
6,235, 354,848
6,234, 354,856
6,233, 354,864
6,232, 354,872
6,231, 354,888
6,229, 354,904
6,228, 354,920
6,227, 354,928
6,226, 354,936
6,225, 354,944
6,224, 355,952
6,223, 355,960
6,222, 355,968
6,220, 356,976
6,218, 356,984
6,216, 356,992
6,213, 356,1000
6,211, 357,1008
6,209, 357,1016
6,204, 358,1024
6,201, 358,1032
6,198, 359,1040
6,195, 359,1048
6,193, 359,1056
6,191, 359,1064
6,189, 359,1072
6,188, 359,1080
6,187, 359,1096
6,186, 359,1111
4,186, 359,1272
4,187, 359,1304
4,189, 358,1312
4,191, 357,1320
4,193, 356,1328
4,199, 355,1336
4,203, 353,1344
4,210, 351,1352
4,222, 347,1360
4,230, 344,1368
4,239, 341,1376
4,253, 336,1384
4,263, 333,1392
4,274, 330,1400
4,287, 325,1408
4,297, 322,1416
4,307, 317,1424
4,314, 315,1432
4,325, 311,1440
4,331, 308,1447
4,337, 305,1456
4,344, 301,1464
4,348, 299,1472
4,351, 297,1480
4,355, 294,1488
4,356, 294,1496
4,358, 292,1504
4,360, 291,1512
4,362, 288,1520
4,364, 287,1528
4,367, 284,1536
4,370, 282,1544
4,372, 280,1552
4,374, 277,1560
4,377, 276,1568
4,378, 274,1576
4,380, 272,1584
4,381, 271,1592
4,382, 270,1600
4,384, 269,1608
4,384, 268,1616
4,385, 267,1624
4,386, 266,1632
4,388, 264,1648
4,388, 263,1656
4,389, 262,1664
4,391, 260,1680
4,393, 259,1696
4,394, 257,1704
4,395, 256,1712
4,396, 255,1728
4,397, 254,1743
4,398, 254,1760
4,398, 253,1767
3,398, 253,1952
3,397, 255,1992
3,396, 256,2000
3,396, 258,2008
3,394, 261,2016
3,392, 264,2024
3,390, 267,2032
3,387, 271,2040
3,384, 275,2048
3,382, 278,2056
3,378, 283,2064
3,376, 288,2072
3,374, 290,2080
3,369, 297,2088
3,367, 299,2096
3,364, 302,2104
3,360, 307,2112
3,358, 311,2120
3,355, 314,2128
3,351, 318,2136
3,349, 321,2144
3,347, 323,2152
3,344, 325,2160
3,342, 328,2168
3,341, 329,2176
3,338, 331,2184
3,337, 332,2192
3,335, 334,2200
3,333, 334,2208
3,332, 335,2216
3,331, 336,2224
3,329, 337,2231
3,328, 338,2240
3,326, 338,2248
3,325, 340,2256
3,323, 341,2264
3,322, 341,2272
3,320, 342,2282
3,318, 343,2296
3,316, 344,2304
3,315, 345,2320
3,312, 346,2328
3,311, 347,2336
3,310, 347,2344
3,307, 348,2352
3,306, 349,2359
3,305, 349,2368
3,303, 350,2376
3,302, 351,2383
3,301, 351,2392
3,300, 351,2408
5,300, 351,2600
5,300, 352,2624
5,300, 353,2632
5,301, 354,2640
5,302, 355,2648
5,305, 358,2656
5,307, 360,2664
5,309, 362,2672
5,311, 366,2680
5,315, 369,2688
5,319, 373,2696
5,322, 377,2704
5,327, 382,2712
5,332, 385,2719
5,336, 387,2728
5,341, 391,2735
5,344, 394,2744
5,346, 396,2751
5,351, 400,2760
5,355, 402,2767
5,357, 404,2775
5,362, 407,2783
5,364, 410,2792
5,367, 410,2799
5,370, 413,2808
5,372, 414,2816
5,374, 415,2823
5,376, 417,2831
5,379, 419,2840
5,381, 420,2848
5,382, 421,2855
5,384, 422,2863
5,385, 423,2872
5,386, 424,2880
5,387, 425,2887
5,388, 426,2896
5,389, 426,2903
5,389, 427,2920
5,390, 428,2935
5,390, 429,2952
5,391, 429,2960
5,391, 431,2968
5,393, 432,2976
5,393, 433,2984
5,393, 434,2991
5,394, 435,2999
5,395, 437,3007
5,396, 439,3024
5,396, 440,3039
5,397, 441,3055
5,398, 442,3071
5,398, 443,3079
5,399, 444,3096
5,399, 445,3112
</data>

</pull>

<pull>
 <ip>76.119.199.103</ip>
 <referer>http://www.cs.umb.edu/~joecohen/mouse/?name=1234</referer>
 <date>Mon May 7 10:54:36 EDT 2012</date>
 <userAgent>Mozilla/5.0 (Windows NT 6.1; WOW64) AppleWebKit/535.19 (KHTML, like Gecko) Chrome/18.0.1025.168 Safari/535.19</userAgent>
 <userLang>en-US,en;q=0.8</userLang>
 <data>  
8,283, 451,0
8,284, 451,6
8,285, 448,14
8,286, 445,22
8,287, 440,30
8,290, 434,38
8,291, 428,47
8,294, 424,54
8,298, 416,63
8,301, 411,70
8,305, 407,78
8,311, 401,86
8,315, 398,94
8,319, 395,102
8,325, 391,110
8,328, 388,118
8,332, 386,126
8,335, 384,134
8,340, 381,142
8,342, 379,150
8,346, 377,158
8,351, 374,166
8,354, 372,174
8,357, 371,182
8,361, 368,190
8,364, 366,198
8,366, 366,206
8,370, 364,215
8,372, 363,222
8,373, 363,230
8,376, 362,238
8,377, 362,246
8,378, 362,254
8,380, 362,262
8,382, 362,270
8,384, 361,283
8,385, 361,293
8,386, 360,298
8,388, 360,310
8,389, 360,326
8,389, 359,334
8,390, 359,342
8,391, 358,358
8,392, 358,366
8,392, 357,374
8,393, 357,382
8,393, 356,390
8,394, 356,398
8,395, 356,406
8,395, 355,414
8,392, 355,598
6,392, 355,600
6,389, 355,606
6,386, 355,615
6,379, 355,623
6,370, 355,630
6,362, 355,638
6,350, 355,646
6,339, 355,655
6,330, 355,662
6,313, 355,671
6,302, 355,678
6,290, 355,686
6,276, 355,694
6,268, 355,702
6,261, 355,710
6,254, 355,718
6,250, 355,726
6,247, 355,734
6,243, 355,742
6,240, 355,750
6,239, 355,758
6,236, 355,766
6,234, 355,774
6,233, 355,782
6,231, 355,791
6,229, 355,798
6,227, 355,806
6,224, 355,814
6,222, 355,822
6,220, 355,830
6,218, 355,838
6,215, 355,846
6,213, 355,862
6,212, 355,870
6,211, 355,886
6,210, 355,902
6,209, 355,910
6,208, 355,926
6,207, 355,934
6,206, 355,943
6,205, 355,951
6,204, 355,958
6,203, 355,966
6,202, 355,975
6,201, 355,982
6,200, 355,990
6,198, 355,1006
6,197, 355,1022
6,196, 355,1030
6,195, 355,1038
6,194, 355,1046
6,193, 355,1054
6,192, 355,1062
6,191, 355,1070
6,189, 355,1086
6,187, 355,1102
6,186, 355,1118
6,184, 355,1134
6,184, 354,1150
4,184, 354,1304
4,185, 353,1334
4,185, 352,1342
4,187, 352,1350
4,190, 349,1358
4,194, 348,1366
4,202, 343,1374
4,208, 340,1383
4,215, 337,1390
4,226, 333,1398
4,235, 329,1406
4,242, 327,1414
4,255, 323,1422
4,262, 320,1430
4,271, 316,1438
4,283, 312,1447
4,292, 307,1455
4,299, 304,1465
4,310, 300,1470
4,317, 297,1478
4,324, 294,1486
4,331, 289,1494
4,336, 287,1502
4,341, 284,1510
4,347, 280,1518
4,352, 278,1526
4,355, 275,1534
4,360, 272,1542
4,364, 270,1550
4,367, 268,1558
4,372, 266,1566
4,374, 264,1574
4,376, 263,1582
4,379, 260,1590
4,381, 260,1598
4,383, 258,1607
4,385, 257,1614
4,387, 255,1622
4,388, 254,1630
4,390, 254,1638
4,391, 253,1646
4,392, 252,1654
4,393, 251,1678
3,393, 251,1999
3,393, 252,2030
3,392, 253,2038
3,390, 255,2047
3,388, 260,2054
3,386, 261,2062
3,382, 267,2070
3,376, 275,2079
3,371, 282,2086
3,366, 288,2094
3,360, 297,2102
3,356, 302,2110
3,352, 308,2118
3,346, 315,2126
3,344, 318,2134
3,341, 322,2142
3,337, 325,2150
3,337, 327,2158
3,335, 329,2166
3,334, 330,2174
3,333, 331,2183
3,332, 332,2190
3,331, 334,2198
3,330, 335,2214
3,329, 336,2222
3,327, 337,2230
3,327, 338,2238
3,325, 339,2246
3,324, 340,2254
3,322, 342,2262
3,321, 343,2270
3,320, 344,2278
3,319, 345,2286
3,318, 346,2294
3,317, 346,2302
3,316, 348,2310
3,314, 349,2318
3,313, 350,2334
3,312, 351,2358
3,311, 351,2366
3,311, 352,2374
3,310, 352,2382
3,308, 353,2398
3,307, 353,2414
3,306, 353,2423
3,305, 354,2430
3,304, 354,2438
3,304, 355,2446
3,303, 355,2454
3,302, 355,2462
3,301, 355,2470
3,300, 355,2486
3,299, 355,2502
3,299, 356,2510
3,298, 356,2518
5,298, 356,2727
5,298, 357,2814
5,298, 358,2822
5,298, 360,2839
5,299, 360,2846
5,300, 362,2854
5,301, 363,2862
5,302, 364,2870
5,303, 366,2878
5,305, 368,2886
5,306, 370,2894
5,308, 372,2903
5,310, 375,2910
5,314, 379,2918
5,317, 382,2926
5,319, 386,2934
5,324, 391,2942
5,327, 394,2950
5,331, 398,2958
5,335, 403,2966
5,337, 407,2974
5,340, 409,2982
5,342, 411,2990
5,346, 415,2998
5,348, 417,3006
5,350, 420,3014
5,354, 423,3022
5,356, 426,3030
5,359, 428,3038
5,363, 432,3046
5,365, 434,3054
5,366, 436,3062
5,369, 438,3070
5,370, 440,3078
5,372, 441,3086
5,373, 442,3094
5,374, 443,3102
5,375, 444,3110
5,376, 445,3118
5,376, 446,3126
5,377, 446,3134
5,377, 447,3143
5,378, 447,3150
5,378, 448,3158
5,379, 448,3166
5,380, 449,3182
5,380, 450,3190
5,381, 450,3206
5,381, 451,3214
5,382, 451,3222
5,383, 452,3230
5,384, 453,3238
5,386, 454,3262
5,386, 455,3270
5,387, 456,3278
5,388, 457,3294
5,389, 457,3302
</data>

</pull>

<pull>
 <ip>76.119.199.103</ip>
 <referer>http://www.cs.umb.edu/~joecohen/mouse/?name=1234</referer>
 <date>Mon May 7 10:54:43 EDT 2012</date>
 <userAgent>Mozilla/5.0 (Windows NT 6.1; WOW64) AppleWebKit/535.19 (KHTML, like Gecko) Chrome/18.0.1025.168 Safari/535.19</userAgent>
 <userLang>en-US,en;q=0.8</userLang>
 <data>  
8,299, 457,0
8,300, 455,39
8,302, 453,47
8,303, 451,55
8,308, 447,63
8,312, 442,71
8,318, 437,79
8,327, 429,88
8,334, 422,95
8,341, 417,103
8,353, 408,111
8,360, 402,119
8,367, 397,127
8,377, 390,135
8,383, 385,143
8,389, 381,151
8,398, 374,159
8,402, 372,167
8,408, 366,176
8,410, 364,183
8,413, 362,191
8,414, 359,199
8,416, 358,207
8,416, 356,215
8,417, 356,223
8,417, 355,231
8,418, 355,239
8,418, 354,247
6,418, 354,528
6,416, 354,543
6,414, 354,551
6,411, 354,558
6,407, 354,567
6,402, 354,575
6,397, 354,583
6,389, 354,591
6,382, 354,599
6,374, 354,607
6,360, 354,615
6,351, 354,623
6,340, 354,631
6,325, 354,639
6,315, 354,647
6,306, 354,655
6,292, 354,663
6,284, 354,671
6,274, 354,679
6,262, 354,687
6,254, 354,695
6,246, 354,703
6,239, 354,711
6,229, 354,719
6,224, 354,727
6,217, 354,735
6,213, 354,743
6,210, 354,751
6,206, 354,759
6,204, 354,767
6,203, 354,775
6,202, 354,783
6,200, 354,791
6,200, 353,799
6,198, 353,807
6,197, 353,815
6,196, 353,823
6,195, 353,831
6,194, 353,839
6,193, 353,847
6,192, 352,895
6,191, 352,919
6,190, 352,935
4,190, 352,1089
4,191, 352,1136
4,192, 351,1144
4,195, 350,1152
4,198, 349,1160
4,202, 348,1168
4,211, 344,1176
4,216, 342,1184
4,225, 339,1192
4,236, 335,1200
4,246, 331,1208
4,255, 328,1216
4,267, 324,1224
4,276, 320,1232
4,284, 318,1240
4,296, 314,1248
4,304, 310,1256
4,312, 308,1264
4,320, 305,1272
4,326, 303,1280
4,331, 300,1288
4,337, 298,1296
4,339, 297,1304
4,340, 296,1312
4,343, 295,1320
4,343, 294,1328
4,344, 293,1336
4,345, 292,1344
4,346, 292,1352
4,346, 291,1360
4,347, 290,1368
4,348, 290,1376
4,348, 289,1384
4,349, 288,1392
4,350, 286,1400
4,351, 286,1408
4,353, 284,1416
4,354, 283,1424
4,356, 282,1432
4,358, 280,1440
4,360, 279,1448
4,361, 277,1456
4,363, 276,1464
4,364, 275,1472
4,365, 274,1480
4,366, 272,1488
4,367, 271,1496
4,368, 270,1504
4,369, 270,1512
4,369, 269,1520
4,370, 269,1528
4,370, 268,1536
4,371, 267,1552
4,372, 267,1560
4,373, 266,1568
4,375, 265,1584
4,376, 264,1592
4,377, 264,1600
4,378, 262,1608
4,379, 262,1616
4,380, 262,1624
4,381, 260,1632
4,382, 260,1640
4,383, 260,1649
4,384, 259,1656
4,385, 259,1776
3,385, 259,1801
3,386, 258,1816
3,384, 260,1920
3,382, 262,1928
3,380, 264,1936
3,374, 271,1944
3,369, 277,1952
3,365, 282,1957
3,358, 292,1967
3,353, 298,1972
3,349, 304,1984
3,345, 309,1992
3,341, 316,2000
3,339, 318,2008
3,337, 320,2016
3,336, 322,2024
3,335, 323,2032
3,334, 324,2040
3,333, 326,2048
3,332, 328,2064
3,330, 330,2072
3,329, 331,2080
3,328, 333,2088
3,327, 334,2096
3,325, 336,2104
3,324, 337,2120
3,323, 337,2128
3,323, 338,2136
3,322, 339,2144
3,321, 340,2168
3,320, 340,2176
3,320, 341,2184
3,319, 341,2192
3,319, 342,2200
3,318, 343,2208
3,317, 343,2216
3,315, 344,2224
3,314, 345,2232
3,312, 347,2240
3,310, 348,2248
3,309, 348,2256
3,308, 349,2264
3,307, 350,2272
3,306, 350,2280
3,306, 351,2288
3,305, 351,2296
3,304, 352,2328
5,304, 352,2417
5,304, 353,2440
5,304, 354,2448
5,304, 355,2456
5,304, 356,2464
5,304, 358,2472
5,305, 361,2480
5,307, 365,2488
5,310, 369,2496
5,314, 379,2504
5,319, 386,2512
5,324, 394,2520
5,334, 406,2528
5,339, 413,2536
5,345, 421,2544
5,354, 429,2552
5,359, 434,2560
5,364, 438,2568
5,371, 443,2576
5,374, 446,2584
5,377, 448,2592
5,381, 451,2600
5,384, 453,2608
5,386, 454,2616
5,388, 456,2624
5,391, 458,2632
5,392, 459,2640
5,394, 460,2648
5,397, 462,2656
5,398, 462,2664
5,400, 463,2672
5,402, 464,2680
5,403, 464,2688
5,404, 464,2696
5,405, 465,2704
5,407, 466,2720
5,408, 466,2744
5,409, 466,2800
</data>

</pull>

<pull>
 <ip>76.119.199.103</ip>
 <referer>http://www.cs.umb.edu/~joecohen/mouse/?name=1234</referer>
 <date>Mon May 7 10:54:49 EDT 2012</date>
 <userAgent>Mozilla/5.0 (Windows NT 6.1; WOW64) AppleWebKit/535.19 (KHTML, like Gecko) Chrome/18.0.1025.168 Safari/535.19</userAgent>
 <userLang>en-US,en;q=0.8</userLang>
 <data>  
8,299, 455,1
8,298, 454,72
8,295, 451,80
8,290, 446,88
8,285, 442,96
8,281, 438,104
8,276, 434,112
8,274, 433,120
8,273, 431,128
8,271, 431,136
8,270, 429,143
8,269, 429,151
8,269, 427,160
8,268, 427,168
8,267, 426,176
8,267, 424,184
8,267, 422,192
8,267, 420,208
8,268, 418,215
8,269, 417,224
8,270, 415,231
8,274, 412,239
8,276, 409,248
8,279, 406,256
8,285, 402,264
8,290, 399,271
8,294, 396,280
8,302, 392,288
8,309, 389,296
8,315, 387,304
8,325, 383,312
8,332, 382,320
8,338, 380,328
8,349, 378,336
8,355, 376,344
8,361, 375,351
8,368, 373,360
8,372, 372,368
8,376, 371,375
8,380, 370,383
8,382, 369,392
8,385, 368,400
8,387, 367,407
8,388, 367,416
8,389, 367,424
8,390, 366,431
8,391, 366,440
8,391, 365,448
8,392, 365,456
8,393, 365,472
8,393, 364,480
8,394, 364,496
6,394, 364,633
6,393, 364,696
6,391, 364,704
6,389, 364,711
6,383, 364,720
6,379, 364,728
6,373, 364,736
6,364, 364,743
6,355, 364,752
6,348, 364,760
6,336, 364,768
6,328, 364,776
6,320, 364,784
6,309, 364,792
6,301, 364,800
6,294, 364,808
6,284, 364,815
6,277, 364,824
6,272, 364,831
6,265, 364,840
6,261, 364,848
6,256, 364,856
6,251, 364,864
6,248, 364,872
6,246, 364,879
6,242, 364,888
6,239, 364,896
6,237, 364,903
6,234, 363,911
6,232, 363,919
6,230, 363,927
6,227, 362,936
6,224, 362,943
6,223, 361,951
6,220, 361,959
6,219, 361,967
6,216, 361,976
6,214, 361,983
6,213, 361,992
6,211, 360,1000
6,208, 360,1007
6,206, 360,1016
6,205, 359,1023
6,203, 359,1031
6,200, 359,1039
6,199, 358,1047
6,198, 358,1056
6,196, 358,1063
6,195, 358,1071
6,193, 358,1079
6,192, 358,1088
6,191, 358,1096
6,190, 358,1103
6,189, 358,1111
6,188, 358,1120
6,187, 358,1127
6,186, 358,1135
4,186, 358,1256
4,187, 356,1320
4,192, 354,1328
4,195, 353,1336
4,201, 350,1344
4,210, 345,1352
4,217, 342,1360
4,226, 338,1368
4,238, 333,1376
4,247, 329,1384
4,256, 325,1392
4,269, 317,1400
4,279, 313,1408
4,287, 309,1416
4,300, 303,1424
4,309, 299,1432
4,316, 295,1440
4,327, 290,1448
4,334, 287,1456
4,340, 284,1464
4,347, 278,1472
4,353, 275,1480
4,358, 271,1488
4,365, 267,1496
4,369, 263,1504
4,373, 262,1512
4,376, 259,1520
4,378, 258,1528
4,381, 256,1536
4,383, 254,1544
4,385, 253,1552
4,387, 252,1560
4,390, 251,1568
4,391, 250,1576
4,393, 249,1584
4,395, 248,1592
4,396, 248,1600
4,397, 247,1608
4,398, 247,1616
4,399, 247,1624
4,399, 246,1631
4,401, 245,1640
3,401, 245,1849
3,399, 248,1903
3,397, 251,1911
3,393, 254,1919
3,389, 259,1927
3,381, 267,1936
3,376, 273,1944
3,366, 282,1952
3,360, 289,1959
3,355, 294,1967
3,346, 302,1975
3,341, 306,1983
3,336, 310,1991
3,329, 315,1999
3,326, 317,2007
3,322, 320,2015
3,317, 324,2024
3,315, 326,2031
3,313, 327,2039
3,309, 330,2047
3,307, 331,2056
3,306, 332,2064
3,302, 333,2071
3,301, 335,2079
3,300, 336,2087
3,298, 336,2095
3,298, 337,2103
3,297, 337,2111
3,296, 338,2120
3,295, 338,2127
3,294, 340,2143
3,293, 340,2151
3,292, 341,2160
3,291, 341,2168
3,290, 343,2175
3,289, 344,2183
3,288, 345,2191
3,287, 346,2199
3,287, 347,2207
3,285, 348,2215
3,285, 349,2223
3,284, 349,2231
3,284, 350,2239
3,283, 351,2263
5,283, 351,2416
5,283, 352,2504
5,285, 354,2511
5,288, 356,2519
5,290, 357,2528
5,294, 361,2535
5,299, 364,2543
5,303, 369,2551
5,311, 375,2560
5,316, 380,2567
5,322, 386,2575
5,331, 395,2583
5,338, 402,2592
5,344, 408,2599
5,353, 416,2607
5,358, 421,2615
5,362, 426,2623
5,368, 430,2631
5,370, 432,2639
5,373, 435,2647
5,375, 436,2655
5,376, 438,2663
5,379, 439,2671
5,380, 440,2679
5,382, 441,2688
5,383, 442,2704
5,384, 443,2711
5,385, 443,2719
5,386, 443,2727
5,386, 444,2735
5,387, 444,2743
5,388, 444,2759
5,389, 445,2807
5,390, 446,2880
5,391, 446,2895
5,391, 447,2903
5,392, 447,2911
</data>

</pull>

<pull>
 <ip>76.119.199.103</ip>
 <referer>http://www.cs.umb.edu/~joecohen/mouse/?name=1234</referer>
 <date>Mon May 7 10:54:53 EDT 2012</date>
 <userAgent>Mozilla/5.0 (Windows NT 6.1; WOW64) AppleWebKit/535.19 (KHTML, like Gecko) Chrome/18.0.1025.168 Safari/535.19</userAgent>
 <userLang>en-US,en;q=0.8</userLang>
 <data>  
8,301, 451,1
8,301, 450,39
8,301, 449,47
8,303, 448,55
8,304, 447,63
8,305, 446,71
8,308, 443,79
8,310, 440,87
8,314, 435,95
8,321, 426,104
8,326, 420,111
8,331, 415,119
8,339, 406,127
8,345, 401,135
8,350, 396,143
8,359, 389,151
8,363, 387,159
8,368, 383,167
8,374, 379,175
8,377, 376,183
8,380, 374,192
8,385, 370,199
8,387, 368,207
8,389, 366,215
8,393, 363,223
8,395, 361,231
8,398, 359,239
8,401, 357,247
8,402, 355,255
8,405, 354,263
8,406, 353,271
8,407, 352,279
6,407, 352,464
6,406, 352,495
6,405, 352,503
6,402, 352,511
6,399, 352,519
6,396, 352,527
6,389, 352,535
6,383, 352,543
6,375, 352,552
6,363, 352,559
6,353, 352,567
6,345, 352,575
6,330, 352,583
6,322, 352,591
6,311, 352,600
6,299, 352,607
6,289, 352,615
6,281, 352,623
6,270, 352,632
6,262, 352,639
6,256, 352,647
6,247, 352,655
6,241, 352,663
6,237, 352,671
6,231, 352,679
6,228, 352,687
6,225, 352,695
6,222, 352,704
6,220, 352,711
6,219, 352,719
6,216, 352,727
6,215, 352,735
6,213, 352,743
6,210, 352,751
6,208, 352,759
6,205, 352,768
6,201, 352,775
6,197, 352,783
6,195, 352,791
6,191, 352,799
6,189, 352,808
6,188, 352,815
6,185, 352,823
6,184, 353,831
4,184, 353,976
4,185, 353,1007
4,185, 352,1015
4,187, 351,1023
4,190, 349,1031
4,195, 346,1039
4,203, 340,1047
4,213, 336,1056
4,231, 328,1063
4,244, 323,1071
4,257, 317,1079
4,277, 311,1087
4,289, 307,1095
4,302, 303,1103
4,318, 298,1111
4,328, 296,1119
4,336, 293,1127
4,348, 290,1135
4,354, 288,1144
4,359, 286,1151
4,364, 284,1159
4,367, 284,1167
4,369, 283,1175
4,371, 281,1183
4,372, 281,1191
4,374, 280,1199
4,375, 278,1207
4,377, 278,1215
4,377, 277,1223
4,378, 277,1231
4,380, 276,1239
4,381, 274,1247
4,385, 273,1256
4,387, 272,1263
4,388, 271,1271
4,392, 269,1280
4,393, 268,1287
4,395, 267,1295
4,398, 266,1303
4,399, 265,1311
4,400, 264,1319
4,402, 263,1327
4,403, 262,1343
4,404, 262,1399
4,404, 261,1407
4,405, 260,1423
3,405, 260,1528
3,404, 262,1591
3,401, 265,1599
3,400, 267,1607
3,397, 270,1615
3,391, 276,1624
3,387, 281,1631
3,381, 286,1639
3,373, 294,1647
3,365, 300,1655
3,359, 306,1663
3,349, 315,1671
3,343, 320,1679
3,338, 325,1687
3,330, 333,1695
3,325, 338,1703
3,321, 340,1711
3,316, 345,1720
3,313, 348,1728
3,310, 352,1735
3,306, 355,1743
3,305, 357,1751
3,303, 358,1759
3,301, 360,1767
3,300, 361,1775
3,298, 362,1783
3,297, 363,1791
3,296, 363,1799
3,295, 363,1807
3,294, 364,1815
3,293, 365,1823
3,292, 365,1831
3,290, 365,1839
3,289, 365,1847
3,288, 366,1855
3,285, 367,1863
3,284, 367,1879
5,284, 367,2048
5,284, 369,2119
5,286, 371,2127
5,289, 373,2136
5,291, 377,2143
5,298, 383,2152
5,302, 389,2159
5,308, 395,2167
5,317, 405,2175
5,323, 412,2183
5,329, 419,2191
5,338, 429,2199
5,344, 435,2207
5,350, 441,2215
5,356, 448,2223
5,361, 452,2231
5,366, 456,2240
5,372, 460,2247
5,376, 463,2255
5,378, 465,2263
5,383, 468,2272
5,384, 469,2279
5,386, 469,2287
5,387, 470,2295
5,388, 471,2311
5,389, 471,2367
</data>

</pull>

<pull>
 <ip>76.119.199.103</ip>
 <referer>http://www.cs.umb.edu/~joecohen/mouse/?name=1234</referer>
 <date>Mon May 7 10:54:58 EDT 2012</date>
 <userAgent>Mozilla/5.0 (Windows NT 6.1; WOW64) AppleWebKit/535.19 (KHTML, like Gecko) Chrome/18.0.1025.168 Safari/535.19</userAgent>
 <userLang>en-US,en;q=0.8</userLang>
 <data>  
8,299, 448,1
8,300, 445,71
8,302, 443,79
8,304, 440,87
8,308, 435,95
8,310, 433,104
8,314, 429,112
8,319, 424,119
8,323, 421,127
8,327, 417,135
8,335, 412,143
8,338, 409,151
8,342, 407,159
8,345, 404,167
8,348, 402,175
8,349, 401,183
8,351, 399,191
8,353, 398,199
8,354, 396,207
8,356, 394,215
8,357, 393,223
8,359, 391,231
8,360, 390,239
8,360, 389,247
8,361, 389,255
8,362, 387,263
8,363, 387,279
8,364, 386,287
8,365, 385,303
8,366, 385,311
8,366, 384,319
8,367, 384,327
8,368, 383,335
8,370, 382,343
8,371, 382,351
8,373, 380,359
8,376, 378,367
8,378, 377,383
8,379, 377,391
8,379, 376,398
8,381, 375,403
8,381, 374,413
8,382, 374,423
8,383, 372,431
8,384, 372,439
8,386, 369,447
8,388, 366,455
8,390, 364,463
8,391, 363,471
8,395, 359,479
8,396, 358,487
8,398, 357,495
8,398, 356,503
8,399, 356,511
6,399, 356,624
6,398, 356,647
6,396, 356,655
6,394, 356,663
6,390, 356,671
6,387, 356,679
6,382, 356,687
6,374, 356,695
6,369, 356,703
6,363, 356,711
6,352, 356,719
6,345, 356,727
6,337, 356,735
6,325, 356,743
6,317, 356,752
6,307, 356,759
6,295, 356,767
6,287, 356,775
6,280, 356,783
6,268, 356,791
6,261, 356,799
6,255, 356,807
6,246, 355,815
6,241, 355,823
6,237, 354,831
6,232, 353,839
6,229, 353,847
6,227, 352,855
6,224, 352,863
6,222, 351,871
6,220, 351,879
6,217, 351,887
6,214, 351,895
6,212, 351,903
6,208, 351,911
6,206, 351,919
6,203, 351,927
6,199, 351,935
6,196, 351,943
6,194, 351,951
6,193, 351,959
6,192, 351,967
6,191, 351,975
6,190, 351,983
6,189, 351,1007
4,189, 351,1137
4,190, 351,1191
4,193, 349,1199
4,197, 348,1207
4,202, 345,1215
4,210, 339,1223
4,218, 336,1231
4,226, 332,1239
4,241, 326,1247
4,251, 321,1255
4,262, 318,1263
4,278, 313,1271
4,289, 310,1279
4,299, 307,1287
4,312, 304,1295
4,320, 301,1303
4,328, 299,1311
4,339, 295,1319
4,345, 293,1327
4,351, 291,1335
4,356, 290,1343
4,364, 287,1351
4,368, 285,1359
4,373, 283,1367
4,376, 282,1375
4,378, 280,1383
4,382, 279,1391
4,387, 276,1399
4,389, 274,1407
4,392, 273,1415
4,397, 270,1423
4,399, 269,1431
4,401, 267,1439
4,405, 265,1447
4,405, 264,1452
4,407, 264,1462
4,407, 263,1467
4,408, 263,1495
4,408, 262,1511
4,408, 261,1527
3,408, 261,1696
3,408, 262,1727
3,406, 262,1735
3,404, 264,1743
3,402, 265,1751
3,397, 269,1759
3,392, 273,1767
3,387, 278,1775
3,380, 286,1783
3,373, 291,1791
3,366, 296,1799
3,357, 303,1807
3,352, 307,1815
3,347, 311,1823
3,341, 315,1831
3,339, 317,1839
3,336, 320,1847
3,333, 322,1855
3,331, 324,1863
3,329, 325,1871
3,327, 327,1879
3,324, 329,1887
3,322, 331,1895
3,319, 333,1903
3,316, 335,1911
3,314, 337,1919
3,310, 340,1927
3,308, 342,1935
3,306, 344,1943
3,302, 346,1951
3,301, 347,1959
3,300, 348,1967
3,297, 350,1975
3,296, 351,1991
3,295, 352,1999
3,294, 353,2007
3,294, 354,2015
3,292, 356,2023
3,291, 357,2031
3,290, 358,2039
3,289, 359,2047
3,288, 359,2055
3,288, 360,2063
3,287, 360,2071
3,287, 361,2255
5,287, 361,2256
5,287, 362,2263
5,287, 363,2271
5,288, 364,2287
5,288, 365,2296
5,289, 366,2303
5,290, 368,2311
5,292, 369,2319
5,292, 370,2327
5,295, 372,2335
5,297, 374,2343
5,299, 376,2351
5,303, 380,2359
5,307, 383,2367
5,311, 387,2375
5,314, 390,2383
5,322, 396,2391
5,326, 399,2399
5,331, 403,2407
5,335, 407,2415
5,339, 410,2423
5,343, 413,2431
5,347, 416,2439
5,351, 418,2447
5,353, 421,2455
5,359, 424,2463
5,363, 425,2471
5,365, 428,2479
5,371, 431,2487
5,375, 433,2495
5,379, 435,2503
5,385, 438,2511
5,389, 441,2519
5,392, 443,2527
5,397, 447,2535
5,400, 447,2543
5,404, 451,2551
5,406, 453,2559
5,408, 454,2567
5,409, 455,2575
5,412, 457,2583
5,413, 458,2599
5,414, 459,2607
5,415, 460,2623
5,416, 461,2639
5,417, 462,2655
5,418, 462,2663
</data>

</pull>

<pull>
 <ip>76.119.199.103</ip>
 <referer>http://www.cs.umb.edu/~joecohen/mouse/?name=1234</referer>
 <date>Mon May 7 10:55:03 EDT 2012</date>
 <userAgent>Mozilla/5.0 (Windows NT 6.1; WOW64) AppleWebKit/535.19 (KHTML, like Gecko) Chrome/18.0.1025.168 Safari/535.19</userAgent>
 <userLang>en-US,en;q=0.8</userLang>
 <data>  
8,303, 455,1
8,305, 453,72
8,306, 451,80
8,309, 446,88
8,312, 442,96
8,315, 437,104
8,320, 431,112
8,324, 427,120
8,328, 423,128
8,336, 418,136
8,341, 414,144
8,346, 411,152
8,352, 407,160
8,354, 405,168
8,358, 403,176
8,361, 400,184
8,363, 398,192
8,365, 397,200
8,368, 394,208
8,372, 391,216
8,374, 388,224
8,379, 383,232
8,383, 381,240
8,385, 378,248
8,390, 373,256
8,394, 372,264
8,396, 369,272
8,399, 368,280
8,402, 367,288
8,403, 366,296
8,405, 365,304
8,407, 364,312
8,407, 363,320
8,409, 363,328
8,409, 362,336
8,410, 362,344
8,410, 361,352
6,410, 361,537
6,410, 360,552
6,409, 360,568
6,408, 360,576
6,405, 360,584
6,402, 360,592
6,400, 360,600
6,397, 360,608
6,391, 360,616
6,385, 360,624
6,378, 360,632
6,367, 360,640
6,358, 360,648
6,350, 360,656
6,336, 360,664
6,327, 360,672
6,317, 360,680
6,309, 360,688
6,297, 360,696
6,290, 360,704
6,283, 360,712
6,275, 360,720
6,270, 360,728
6,266, 360,736
6,262, 360,744
6,260, 360,752
6,257, 359,760
6,255, 359,768
6,254, 359,776
6,252, 359,784
6,250, 359,792
6,249, 359,800
6,247, 358,808
6,244, 358,816
6,240, 358,824
6,237, 358,832
6,233, 358,840
6,231, 358,848
6,229, 358,856
6,226, 358,864
6,225, 358,872
6,224, 358,880
6,223, 358,888
6,222, 358,904
6,221, 358,920
6,219, 358,936
6,218, 357,952
6,217, 357,960
6,216, 357,968
6,214, 357,976
6,213, 357,984
6,212, 357,992
6,210, 357,1000
6,208, 357,1008
6,207, 357,1016
6,206, 357,1024
6,205, 357,1040
4,205, 357,1176
4,205, 356,1272
4,207, 355,1280
4,208, 355,1288
4,210, 353,1296
4,213, 352,1304
4,215, 352,1312
4,219, 349,1320
4,223, 347,1328
4,228, 344,1336
4,235, 340,1344
4,242, 337,1352
4,250, 333,1360
4,262, 327,1367
4,271, 322,1376
4,283, 316,1384
4,300, 307,1392
4,311, 301,1400
4,320, 296,1408
4,333, 287,1416
4,341, 283,1424
4,347, 280,1432
4,351, 276,1440
4,354, 274,1447
4,355, 274,1456
4,357, 272,1464
4,359, 271,1480
4,360, 269,1488
4,362, 267,1496
4,364, 266,1504
4,367, 262,1512
4,370, 260,1520
4,372, 256,1528
4,376, 253,1536
4,380, 250,1544
4,382, 248,1552
4,386, 245,1560
4,389, 242,1568
4,391, 241,1576
4,394, 239,1584
4,396, 239,1592
4,397, 237,1600
4,398, 237,1608
3,398, 237,1820
3,396, 239,1920
3,394, 241,1928
3,391, 245,1936
3,386, 250,1944
3,381, 255,1952
3,376, 260,1960
3,368, 266,1968
3,363, 271,1976
3,358, 276,1984
3,351, 283,1992
3,346, 288,2000
3,342, 292,2008
3,334, 298,2016
3,331, 302,2024
3,326, 307,2032
3,321, 312,2040
3,315, 317,2048
3,312, 320,2056
3,307, 325,2064
3,303, 328,2072
3,301, 331,2080
3,297, 334,2088
3,295, 337,2096
3,293, 338,2104
3,291, 340,2112
3,289, 342,2120
3,288, 344,2128
3,287, 344,2136
3,286, 346,2144
3,285, 347,2152
3,285, 348,2168
5,285, 348,2392
5,285, 349,2456
5,287, 350,2472
5,290, 353,2480
5,293, 354,2488
5,295, 356,2496
5,299, 359,2504
5,302, 363,2512
5,305, 367,2520
5,311, 374,2528
5,316, 379,2536
5,322, 387,2544
5,330, 397,2552
5,336, 404,2560
5,343, 411,2568
5,352, 420,2576
5,358, 425,2584
5,364, 431,2592
5,372, 436,2600
5,375, 439,2608
5,379, 441,2616
5,382, 443,2624
5,385, 445,2632
5,386, 445,2640
5,387, 445,2648
5,388, 446,2656
5,389, 446,2672
5,390, 446,2680
5,391, 446,2696
5,391, 447,2704
5,393, 447,2712
5,394, 448,2720
5,395, 448,2728
5,396, 448,2744
5,397, 448,2760
</data>

</pull>

