<pull>
 <ip>155.41.235.38</ip>
 <referer>http://www.cs.umb.edu/~joecohen/mouse/?name=444</referer>
 <date>Tue May 8 10:25:09 EDT 2012</date>
 <userAgent>Mozilla/5.0 (Windows NT 6.1) AppleWebKit/535.19 (KHTML, like Gecko) Chrome/18.0.1025.168 Safari/535.19</userAgent>
 <userLang>en-US,en;q=0.8</userLang>
 <data>  
8,304, 453,1
8,307, 450,88
8,310, 448,96
8,314, 445,104
8,319, 441,120
8,331, 430,128
8,336, 426,144
8,343, 422,152
8,348, 417,160
8,353, 413,168
8,359, 408,176
8,364, 403,184
8,370, 398,192
8,375, 394,200
8,379, 391,208
8,381, 389,216
8,382, 388,224
8,383, 386,232
8,384, 386,248
8,387, 383,256
8,388, 381,264
8,390, 379,272
8,390, 376,280
8,391, 374,288
8,392, 373,296
8,393, 371,304
8,394, 370,328
8,394, 368,376
8,395, 368,384
8,395, 366,392
8,395, 365,416
8,396, 364,536
8,396, 363,544
8,396, 362,560
8,397, 362,576
6,397, 362,769
6,397, 361,944
6,395, 360,960
6,392, 360,968
6,389, 358,976
6,384, 356,984
6,378, 353,992
6,372, 351,1000
6,365, 348,1008
6,356, 346,1016
6,348, 344,1024
6,341, 342,1032
6,332, 341,1040
6,325, 338,1048
6,318, 337,1056
6,312, 336,1064
6,307, 336,1072
6,301, 335,1080
6,295, 334,1088
6,288, 334,1096
6,282, 333,1104
6,276, 333,1112
6,268, 332,1121
6,262, 332,1128
6,256, 331,1136
6,249, 331,1144
6,243, 331,1152
6,238, 331,1160
6,235, 331,1168
6,233, 331,1176
6,231, 331,1184
6,230, 331,1192
6,229, 331,1200
6,228, 331,1208
6,227, 331,1224
6,226, 331,1232
6,225, 331,1248
6,224, 331,1264
6,223, 331,1272
6,222, 331,1288
6,221, 331,1296
6,220, 331,1304
6,218, 332,1320
6,214, 333,1328
6,213, 334,1344
6,210, 334,1352
6,209, 335,1360
6,208, 336,1368
6,206, 337,1376
6,205, 337,1384
6,204, 337,1392
6,201, 337,1400
6,200, 338,1408
6,199, 339,1416
6,197, 339,1424
6,195, 339,1432
6,194, 340,1440
6,192, 340,1448
6,191, 341,1456
6,189, 341,1464
6,187, 341,1472
6,186, 342,1480
6,185, 342,1488
6,183, 343,1496
6,182, 344,1504
6,180, 344,1512
6,179, 345,1520
6,178, 346,1528
6,177, 346,1536
6,176, 346,1568
6,176, 347,1576
6,175, 347,1584
6,174, 348,1608
6,174, 349,1624
6,173, 349,1648
6,173, 350,1656
6,172, 350,1664
6,172, 351,1680
6,171, 352,1704
6,171, 353,1712
6,170, 353,1736
6,170, 354,1744
6,169, 354,1760
6,168, 355,1768
4,168, 355,1969
4,174, 355,2072
4,178, 353,2080
4,181, 352,2088
4,186, 349,2096
4,192, 346,2104
4,199, 342,2112
4,208, 337,2120
4,218, 333,2128
4,230, 327,2136
4,242, 322,2152
4,277, 307,2160
4,290, 301,2176
4,305, 293,2184
4,321, 284,2192
4,335, 273,2200
4,349, 265,2208
4,359, 258,2216
4,368, 252,2224
4,374, 248,2232
4,379, 245,2240
4,380, 245,2376
4,382, 245,2384
4,384, 245,2392
4,386, 245,2400
4,388, 245,2408
4,389, 245,2416
4,391, 245,2432
4,392, 245,2440
4,393, 246,2448
4,395, 246,2456
4,395, 247,2464
4,397, 247,2472
4,399, 248,2480
4,400, 248,2488
4,401, 248,2496
3,401, 248,2729
3,400, 249,2752
3,397, 252,2760
3,392, 255,2768
3,386, 261,2776
3,381, 267,2784
3,374, 275,2792
3,366, 282,2800
3,360, 292,2808
3,353, 303,2816
3,345, 314,2824
3,337, 326,2832
3,330, 336,2840
3,323, 346,2848
3,319, 355,2856
3,308, 374,2864
3,304, 379,2872
3,302, 382,2880
3,301, 386,2888
3,300, 387,2896
3,299, 389,2904
3,298, 391,2912
3,297, 393,2920
3,295, 394,2928
3,295, 395,2936
3,294, 395,2944
3,293, 396,2952
3,292, 396,2976
3,291, 396,3016
3,290, 396,3040
3,289, 395,3056
3,289, 393,3072
3,289, 392,3080
3,289, 389,3088
3,289, 385,3096
3,289, 379,3104
3,289, 376,3112
3,289, 373,3120
3,290, 370,3128
3,290, 368,3136
3,290, 367,3144
3,290, 365,3152
3,291, 364,3160
3,291, 363,3168
3,291, 362,3176
3,291, 361,3184
3,292, 360,3192
3,292, 359,3200
3,292, 358,3208
3,292, 357,3224
3,292, 356,3232
5,292, 356,3409
5,293, 358,3456
5,294, 360,3464
5,297, 364,3472
5,300, 368,3480
5,305, 376,3488
5,307, 381,3496
5,311, 386,3504
5,315, 390,3512
5,319, 395,3520
5,324, 399,3528
5,327, 403,3536
5,332, 407,3544
5,338, 411,3552
5,343, 415,3560
5,349, 419,3568
5,354, 422,3576
5,358, 424,3584
5,362, 427,3592
5,366, 428,3600
5,368, 429,3608
5,369, 430,3616
5,370, 430,3624
5,371, 431,3632
5,371, 432,3736
5,371, 433,3744
5,372, 433,3753
5,372, 434,3777
5,373, 435,3785
5,374, 436,3801
5,374, 437,3809
5,376, 438,3817
5,377, 440,3825
5,378, 441,3833
5,379, 442,3841
5,380, 442,3857
5,380, 443,3873
5,381, 444,3881
5,381, 445,3889
5,382, 445,3897
5,383, 446,3905
5,384, 447,3913
5,385, 448,3929
5,386, 448,3937
5,387, 449,3945
5,388, 450,3969
5,389, 450,3985
5,390, 450,4009
5,391, 450,4017
5,392, 450,4025
5,393, 450,4041
5,394, 449,4049
5,395, 449,4065
</data>

</pull>

