<pull>
 <ip>65.96.118.124</ip>
 <referer>http://www.cs.umb.edu/~joecohen/mouse/?name=Bubbles</referer>
 <date>Tue May 8 18:28:55 EDT 2012</date>
 <userAgent>Mozilla/5.0 (Windows NT 6.1; WOW64) AppleWebKit/535.19 (KHTML, like Gecko) Chrome/18.0.1025.168 Safari/535.19</userAgent>
 <userLang>en-US,en;q=0.8</userLang>
 <data>  
8,287, 454,6
8,287, 453,40
8,287, 451,47
8,287, 450,55
8,287, 449,63
8,288, 447,71
8,289, 446,79
8,290, 445,87
8,292, 442,95
8,293, 440,103
8,294, 439,111
8,296, 436,119
8,297, 434,127
8,299, 432,136
8,301, 429,144
8,305, 427,151
8,307, 423,159
8,312, 420,167
8,316, 417,175
8,320, 414,183
8,324, 411,191
8,329, 408,199
8,331, 406,207
8,334, 404,215
8,337, 402,223
8,339, 401,231
8,341, 399,239
8,343, 397,247
8,345, 396,255
8,347, 394,263
8,350, 392,271
8,352, 390,279
8,356, 388,287
8,362, 385,295
8,366, 383,303
8,371, 380,311
8,376, 377,319
8,381, 374,327
8,384, 371,336
8,388, 370,344
8,389, 368,351
8,390, 368,359
8,390, 367,367
8,390, 366,447
8,390, 365,455
6,390, 365,585
6,390, 364,655
6,388, 362,671
6,386, 361,679
6,383, 359,687
6,378, 356,696
6,372, 354,703
6,365, 351,711
6,357, 349,719
6,351, 347,727
6,346, 345,735
6,341, 344,743
6,335, 342,751
6,331, 341,759
6,327, 340,767
6,323, 338,775
6,319, 336,783
6,316, 335,792
6,313, 335,799
6,309, 334,807
6,304, 333,815
6,300, 333,823
6,294, 333,831
6,289, 333,839
6,282, 333,847
6,275, 333,855
6,267, 333,864
6,259, 333,871
6,250, 333,879
6,242, 333,887
6,235, 334,895
6,228, 335,903
6,222, 336,911
6,218, 338,919
6,213, 339,927
6,210, 340,935
6,208, 341,943
6,206, 341,952
6,205, 342,960
6,202, 343,967
6,200, 344,975
6,199, 345,983
6,198, 345,991
6,197, 345,999
6,196, 346,1007
6,195, 346,1015
6,194, 346,1023
4,194, 346,1161
4,195, 346,1239
4,196, 346,1263
4,200, 345,1439
4,208, 341,1448
4,214, 336,1455
4,220, 331,1463
4,226, 327,1471
4,233, 322,1479
4,239, 318,1487
4,248, 312,1495
4,254, 307,1503
4,260, 303,1511
4,268, 297,1519
4,275, 294,1527
4,282, 290,1535
4,288, 287,1543
4,296, 284,1551
4,302, 281,1559
4,308, 278,1567
4,314, 274,1575
4,319, 272,1583
4,323, 269,1591
4,327, 267,1599
4,330, 266,1607
4,332, 264,1615
4,337, 262,1623
4,339, 261,1631
4,341, 260,1639
4,343, 259,1647
4,344, 259,1655
4,345, 258,1663
4,346, 258,1679
4,347, 257,1919
4,350, 257,1927
4,355, 255,1935
4,362, 253,1943
4,373, 249,1951
4,385, 246,1959
4,396, 243,1967
4,403, 239,1975
4,412, 236,1983
4,416, 235,1991
4,419, 234,1999
4,421, 233,2007
4,420, 233,2159
4,417, 235,2167
4,412, 237,2175
4,407, 240,2183
4,403, 243,2191
4,399, 246,2199
4,397, 248,2207
4,396, 248,2215
3,396, 248,2377
3,396, 250,2712
3,395, 251,2720
3,394, 252,2728
3,393, 254,2736
3,391, 256,2744
3,389, 260,2752
3,386, 263,2760
3,382, 268,2768
3,377, 276,2776
3,372, 283,2784
3,365, 292,2792
3,357, 301,2800
3,351, 310,2808
3,343, 320,2816
3,334, 329,2824
3,327, 335,2832
3,321, 342,2840
3,316, 347,2848
3,311, 351,2856
3,308, 353,2864
3,306, 355,2872
3,305, 356,2880
3,305, 357,2888
3,304, 357,2896
3,304, 358,3008
5,304, 358,3145
5,304, 359,3176
5,304, 361,3184
5,306, 364,3192
5,309, 369,3200
5,313, 376,3208
5,318, 381,3216
5,322, 386,3224
5,326, 391,3232
5,330, 396,3240
5,334, 400,3248
5,339, 405,3256
5,344, 410,3264
5,349, 414,3272
5,354, 419,3280
5,359, 423,3288
5,362, 426,3296
5,367, 431,3304
5,371, 436,3312
5,375, 441,3320
5,379, 446,3328
5,382, 451,3336
5,384, 453,3344
5,386, 457,3352
5,388, 457,3360
5,388, 458,3368
5,389, 458,3432
5,390, 458,3464
</data>

</pull>

<pull>
 <ip>65.96.118.124</ip>
 <referer>http://www.cs.umb.edu/~joecohen/mouse/?name=Bubbles</referer>
 <date>Tue May 8 18:29:05 EDT 2012</date>
 <userAgent>Mozilla/5.0 (Windows NT 6.1; WOW64) AppleWebKit/535.19 (KHTML, like Gecko) Chrome/18.0.1025.168 Safari/535.19</userAgent>
 <userLang>en-US,en;q=0.8</userLang>
 <data>  
8,302, 463,2
8,302, 462,8
8,302, 461,16
8,302, 459,24
8,303, 458,32
8,305, 456,40
8,306, 454,48
8,308, 451,56
8,309, 448,64
8,310, 444,72
8,312, 438,80
8,314, 434,88
8,318, 428,97
8,320, 422,105
8,324, 416,112
8,329, 409,120
8,334, 404,128
8,341, 397,136
8,349, 389,144
8,356, 381,152
8,364, 374,160
8,370, 367,168
8,376, 361,176
8,380, 357,184
8,381, 355,192
8,383, 353,200
8,383, 352,217
8,384, 352,248
8,385, 352,256
8,386, 351,264
8,387, 350,272
8,389, 347,280
8,390, 346,288
8,392, 344,296
8,393, 343,312
8,392, 343,536
6,392, 343,538
6,391, 344,544
6,388, 344,552
6,384, 345,560
6,378, 347,569
6,372, 348,578
6,363, 349,584
6,354, 350,592
6,346, 351,600
6,337, 351,608
6,327, 351,616
6,319, 351,624
6,309, 351,632
6,300, 351,640
6,290, 351,648
6,280, 352,656
6,269, 353,664
6,261, 354,672
6,253, 357,680
6,244, 358,688
6,239, 359,696
6,233, 359,704
6,230, 359,712
6,226, 359,720
6,224, 359,728
6,221, 359,736
6,219, 359,744
6,217, 359,752
6,215, 359,760
6,212, 358,768
6,209, 358,776
6,208, 358,784
6,207, 358,792
6,206, 358,800
6,205, 358,808
6,205, 357,1184
6,207, 355,1192
6,211, 352,1200
6,211, 352,1202
6,217, 347,1208
6,226, 344,1216
6,239, 338,1224
6,250, 334,1232
6,261, 331,1240
6,271, 327,1248
6,281, 323,1256
6,288, 321,1264
6,294, 318,1272
6,299, 316,1280
6,305, 314,1288
6,308, 312,1296
6,312, 311,1304
6,316, 309,1312
6,321, 307,1320
6,324, 305,1328
6,329, 302,1336
6,332, 301,1344
6,336, 300,1352
6,338, 298,1360
6,341, 297,1368
6,343, 296,1376
6,346, 295,1384
6,348, 294,1392
6,350, 292,1400
6,355, 290,1408
6,358, 289,1416
6,363, 286,1424
6,366, 283,1432
6,371, 281,1440
6,374, 280,1448
6,377, 277,1456
6,379, 276,1464
6,380, 275,1480
6,379, 275,1544
6,376, 275,1552
6,370, 277,1560
6,360, 280,1568
6,348, 285,1576
6,333, 291,1584
6,307, 301,1592
6,285, 308,1600
6,251, 319,1608
6,215, 328,1616
6,187, 338,1624
6,153, 349,1632
6,127, 358,1640
6,107, 365,1648
6,93, 370,1656
6,84, 372,1664
6,78, 375,1672
6,77, 377,1680
6,76, 377,1688
6,76, 378,1712
6,76, 379,1720
6,77, 379,1728
6,79, 379,1800
6,81, 379,1808
6,86, 379,1816
6,95, 376,1824
6,106, 373,1832
6,117, 370,1840
6,128, 366,1848
6,137, 364,1856
6,147, 361,1864
6,153, 359,1872
6,156, 358,1880
6,158, 357,1888
6,159, 357,1896
6,159, 356,1904
6,160, 355,1936
6,161, 353,1944
6,163, 352,1952
6,163, 351,1960
6,165, 350,1968
6,165, 349,1976
6,166, 349,1984
4,166, 349,2172
4,167, 349,2232
4,170, 348,2240
4,176, 346,2248
4,183, 344,2256
4,193, 341,2264
4,206, 337,2272
4,224, 329,2280
4,245, 322,2288
4,267, 314,2296
4,285, 308,2304
4,303, 301,2312
4,323, 294,2320
4,335, 289,2328
4,344, 286,2336
4,350, 284,2344
4,353, 282,2352
4,355, 281,2360
4,355, 280,2384
4,356, 278,2416
4,357, 278,2424
4,358, 276,2433
4,359, 275,2440
4,362, 273,2448
4,364, 272,2456
4,366, 270,2464
4,369, 269,2472
4,370, 268,2480
4,371, 267,2488
4,372, 266,2552
4,373, 266,2560
4,375, 264,2568
4,376, 263,2576
4,377, 262,2584
4,379, 261,2592
4,380, 260,2712
4,381, 259,2720
4,382, 258,2738
3,382, 258,2905
3,381, 258,2984
3,380, 259,2992
3,380, 260,3000
3,379, 261,3008
3,378, 262,3024
3,377, 263,3032
3,376, 265,3040
3,374, 267,3048
3,371, 271,3056
3,368, 274,3064
3,366, 278,3072
3,362, 281,3080
3,359, 286,3088
3,356, 291,3096
3,353, 295,3104
3,350, 298,3112
3,346, 302,3120
3,344, 304,3128
3,340, 307,3136
3,335, 310,3144
3,330, 314,3152
3,325, 318,3160
3,321, 322,3168
3,316, 327,3176
3,311, 331,3186
3,306, 335,3192
3,302, 337,3200
3,300, 340,3208
3,298, 341,3216
3,298, 342,3224
3,298, 343,3232
3,298, 344,3248
3,298, 345,3264
3,298, 346,3272
3,298, 347,3280
3,298, 348,3288
3,298, 349,3304
3,298, 350,3320
3,298, 351,3336
5,298, 351,3457
5,299, 352,3496
5,300, 353,3504
5,302, 357,3512
5,305, 360,3520
5,309, 366,3528
5,313, 371,3536
5,316, 375,3544
5,322, 380,3552
5,328, 384,3559
5,333, 388,3567
5,337, 391,3575
5,341, 394,3584
5,344, 395,3591
5,346, 398,3599
5,349, 401,3608
5,351, 405,3616
5,353, 408,3624
5,354, 411,3632
5,356, 416,3639
5,358, 419,3647
5,359, 422,3655
5,360, 426,3663
5,362, 428,3672
5,363, 430,3679
5,365, 433,3688
5,366, 434,3695
5,368, 436,3703
5,370, 438,3712
5,371, 439,3720
5,372, 440,3727
5,373, 441,3735
5,374, 442,3743
5,375, 443,3751
5,375, 444,3767
5,376, 444,3775
5,377, 444,3807
5,378, 445,3887
5,380, 445,3903
5,381, 446,3911
5,383, 446,3920
5,385, 446,3927
5,388, 447,3935
5,389, 447,3943
5,390, 447,3951
</data>

</pull>

<pull>
 <ip>65.96.118.124</ip>
 <referer>http://www.cs.umb.edu/~joecohen/mouse/?name=Bubbles</referer>
 <date>Tue May 8 18:29:17 EDT 2012</date>
 <userAgent>Mozilla/5.0 (Windows NT 6.1; WOW64) AppleWebKit/535.19 (KHTML, like Gecko) Chrome/18.0.1025.168 Safari/535.19</userAgent>
 <userLang>en-US,en;q=0.8</userLang>
 <data>  
8,293, 452,2
8,294, 449,7
8,296, 444,15
8,298, 438,23
8,301, 432,31
8,305, 425,40
8,309, 417,47
8,313, 411,55
8,320, 404,63
8,326, 397,71
8,332, 391,79
8,339, 386,87
8,345, 381,95
8,349, 376,103
8,354, 372,111
8,358, 368,119
8,363, 363,127
8,366, 359,135
8,370, 356,143
8,374, 353,151
8,379, 348,159
8,382, 345,168
8,384, 344,175
8,388, 341,183
8,389, 340,191
8,392, 340,199
8,394, 339,207
8,394, 338,215
8,395, 338,279
6,395, 338,433
6,394, 338,463
6,393, 339,471
6,390, 340,479
6,388, 341,487
6,385, 341,495
6,381, 342,504
6,376, 342,514
6,371, 343,519
6,365, 343,527
6,360, 343,535
6,354, 343,543
6,348, 343,551
6,343, 343,559
6,339, 343,567
6,333, 343,575
6,329, 343,583
6,323, 343,591
6,319, 343,599
6,314, 343,608
6,309, 343,615
6,306, 343,623
6,302, 343,631
6,299, 343,639
6,296, 343,647
6,295, 343,655
6,293, 343,663
6,292, 343,943
6,289, 343,951
6,286, 343,959
6,282, 343,967
6,280, 343,975
6,276, 343,983
6,272, 343,991
6,269, 344,999
6,266, 344,1007
6,263, 344,1015
6,261, 344,1023
6,260, 344,1031
6,259, 344,1039
6,256, 344,1047
6,253, 344,1055
6,249, 344,1063
6,244, 344,1071
6,238, 344,1079
6,231, 344,1087
6,227, 344,1095
6,223, 345,1103
6,218, 345,1111
6,216, 345,1119
6,215, 345,1127
6,214, 345,1135
6,214, 345,1391
6,213, 346,1399
6,211, 348,1407
6,206, 350,1415
6,203, 351,1423
6,198, 353,1431
6,194, 354,1439
6,190, 356,1447
6,188, 356,1455
6,187, 356,1463
6,186, 356,1471
4,186, 356,1736
4,187, 356,1743
4,189, 356,1759
4,193, 356,1767
4,199, 356,1775
4,206, 356,1783
4,214, 356,1791
4,225, 353,1799
4,238, 350,1807
4,251, 347,1815
4,264, 343,1823
4,286, 338,1831
4,306, 330,1839
4,331, 324,1847
4,356, 318,1855
4,375, 312,1863
4,398, 305,1871
4,412, 301,1879
4,424, 298,1887
4,432, 295,1895
4,439, 293,1903
4,442, 291,1911
4,444, 290,1919
4,445, 290,1927
4,446, 289,1935
4,447, 288,1991
4,448, 287,1999
4,449, 286,2007
4,449, 285,2015
4,451, 284,2023
4,451, 283,2031
4,452, 281,2039
4,453, 281,2047
4,453, 280,2055
4,453, 278,2063
4,453, 277,2071
4,453, 276,2079
4,453, 274,2087
4,453, 272,2095
4,452, 271,2103
4,451, 269,2111
4,449, 266,2119
4,445, 263,2127
4,442, 259,2135
4,437, 257,2143
4,432, 254,2151
4,427, 252,2159
4,423, 250,2167
4,420, 249,2175
4,417, 248,2183
4,416, 248,2191
4,415, 247,2199
4,412, 247,2207
4,409, 246,2215
4,406, 245,2223
4,404, 245,2231
4,403, 245,2239
3,403, 245,2385
3,402, 247,2423
3,400, 249,2431
3,397, 253,2439
3,392, 258,2447
3,386, 263,2455
3,378, 271,2463
3,368, 280,2471
3,356, 288,2479
3,340, 301,2487
3,323, 314,2495
3,311, 324,2503
3,297, 335,2511
3,288, 341,2519
3,281, 346,2527
3,277, 349,2535
3,274, 351,2543
3,274, 352,2551
3,272, 353,2559
3,272, 354,2687
3,272, 355,2703
3,272, 356,2719
3,273, 356,2791
3,274, 356,2815
5,274, 356,2817
5,275, 356,2823
5,277, 355,2831
5,279, 354,2839
5,280, 354,2847
5,281, 354,2855
5,282, 354,2863
5,283, 354,2871
5,285, 354,2879
5,288, 354,2887
5,291, 355,2895
5,296, 357,2903
5,299, 358,2911
5,303, 362,2919
5,308, 364,2927
5,313, 368,2935
5,316, 372,2943
5,322, 376,2951
5,330, 381,2959
5,338, 386,2967
5,345, 393,2975
5,351, 398,2983
5,355, 403,2991
5,358, 408,2999
5,361, 413,3007
5,365, 419,3015
5,368, 425,3023
5,373, 434,3031
5,377, 440,3039
5,380, 446,3047
5,383, 452,3055
5,384, 454,3063
5,386, 456,3071
5,386, 457,3079
5,387, 457,3087
5,388, 458,3095
5,388, 459,3103
5,389, 459,3111
5,389, 461,3119
5,390, 462,3135
5,390, 463,3143
5,391, 463,3151
5,391, 464,3167
5,392, 464,3175
5,394, 464,3191
5,394, 465,3207
5,395, 465,3215
</data>

</pull>

<pull>
 <ip>65.96.118.124</ip>
 <referer>http://www.cs.umb.edu/~joecohen/mouse/?name=Bubbles</referer>
 <date>Tue May 8 18:29:23 EDT 2012</date>
 <userAgent>Mozilla/5.0 (Windows NT 6.1; WOW64) AppleWebKit/535.19 (KHTML, like Gecko) Chrome/18.0.1025.168 Safari/535.19</userAgent>
 <userLang>en-US,en;q=0.8</userLang>
 <data>  
8,281, 449,2
8,281, 448,7
8,281, 445,15
8,283, 443,23
8,286, 441,31
8,288, 436,39
8,294, 431,48
8,297, 426,55
8,304, 421,63
8,311, 414,71
8,317, 410,79
8,326, 403,87
8,336, 398,95
8,349, 391,103
8,362, 385,111
8,372, 379,119
8,384, 374,127
8,394, 369,136
8,401, 365,143
8,407, 362,151
8,413, 360,159
8,416, 358,167
8,419, 357,175
8,417, 357,367
6,417, 357,372
6,415, 357,375
6,410, 357,383
6,404, 357,391
6,397, 357,399
6,386, 357,407
6,375, 357,416
6,360, 357,423
6,344, 357,431
6,329, 357,439
6,314, 357,448
6,301, 357,455
6,287, 357,463
6,275, 357,471
6,261, 357,480
6,249, 357,487
6,237, 357,495
6,226, 357,503
6,218, 358,511
6,211, 358,519
6,206, 358,528
6,202, 358,536
6,200, 358,543
6,198, 358,551
6,197, 358,559
6,196, 358,567
4,196, 358,761
4,197, 358,783
4,200, 358,791
4,201, 357,799
4,206, 357,807
4,211, 356,816
4,219, 355,825
4,226, 353,831
4,236, 349,839
4,246, 346,847
4,259, 341,855
4,272, 338,864
4,289, 333,871
4,302, 329,880
4,320, 324,887
4,334, 321,895
4,347, 317,903
4,357, 314,911
4,366, 312,919
4,374, 310,927
4,381, 307,935
4,384, 306,943
4,387, 304,951
4,390, 303,959
4,390, 302,967
4,391, 302,975
4,392, 301,991
4,392, 300,999
4,393, 299,1007
4,394, 298,1015
4,395, 296,1023
4,397, 294,1031
4,401, 291,1039
4,404, 289,1047
4,407, 286,1055
4,409, 283,1063
4,412, 280,1071
4,413, 278,1079
4,414, 276,1087
4,415, 274,1095
4,415, 273,1103
4,417, 272,1111
4,418, 270,1119
4,419, 269,1127
4,421, 266,1135
4,422, 265,1143
4,424, 263,1151
4,424, 260,1159
4,425, 259,1167
4,425, 258,1175
4,426, 258,1183
4,426, 257,1191
4,425, 257,1327
4,424, 257,1335
4,422, 258,1343
3,422, 258,1345
3,421, 258,1351
3,419, 258,1359
3,417, 259,1367
3,416, 260,1375
3,412, 261,1383
3,410, 263,1391
3,407, 264,1399
3,405, 266,1407
3,401, 268,1415
3,398, 270,1423
3,392, 273,1431
3,385, 278,1439
3,378, 281,1447
3,368, 286,1455
3,359, 291,1463
3,349, 296,1471
3,340, 301,1479
3,332, 306,1487
3,323, 310,1495
3,318, 314,1503
3,313, 317,1511
3,310, 319,1519
3,308, 320,1527
3,305, 321,1535
3,303, 322,1543
3,302, 323,1551
3,300, 323,1559
3,299, 325,1567
3,297, 326,1575
3,295, 327,1583
3,293, 328,1591
3,291, 329,1599
3,290, 329,1607
3,290, 330,1615
3,290, 331,1759
3,290, 331,1775
3,290, 332,1783
3,291, 333,1799
3,292, 334,1807
3,292, 335,1815
3,293, 337,1823
3,294, 337,1831
3,294, 339,1839
3,295, 340,1847
3,296, 342,1855
3,296, 344,1863
3,297, 346,1871
3,298, 347,1879
3,299, 349,1887
3,300, 350,1903
3,301, 351,2055
3,302, 351,2175
5,302, 351,2184
5,302, 352,2191
5,303, 352,2207
5,305, 354,2215
5,306, 354,2223
5,308, 356,2231
5,310, 357,2239
5,312, 357,2247
5,314, 359,2255
5,315, 360,2263
5,317, 362,2271
5,320, 364,2280
5,322, 367,2287
5,324, 369,2295
5,325, 370,2303
5,327, 373,2311
5,329, 375,2319
5,331, 377,2327
5,333, 380,2335
5,334, 381,2343
5,337, 384,2351
5,338, 387,2359
5,341, 389,2367
5,343, 393,2375
5,347, 396,2383
5,349, 399,2391
5,352, 402,2399
5,355, 406,2407
5,358, 410,2415
5,361, 412,2423
5,363, 415,2431
5,365, 418,2439
5,367, 420,2447
5,369, 422,2455
5,370, 425,2463
5,373, 428,2471
5,374, 430,2479
5,377, 432,2487
5,378, 435,2495
5,380, 438,2503
5,382, 440,2511
5,384, 442,2519
5,385, 444,2527
5,387, 446,2535
5,388, 447,2543
5,390, 448,2551
5,391, 449,2559
5,392, 450,2567
5,392, 451,2575
5,393, 451,2647
</data>

</pull>

<pull>
 <ip>65.96.118.124</ip>
 <referer>http://www.cs.umb.edu/~joecohen/mouse/?name=Bubbles</referer>
 <date>Tue May 8 18:29:29 EDT 2012</date>
 <userAgent>Mozilla/5.0 (Windows NT 6.1; WOW64) AppleWebKit/535.19 (KHTML, like Gecko) Chrome/18.0.1025.168 Safari/535.19</userAgent>
 <userLang>en-US,en;q=0.8</userLang>
 <data>  
8,301, 454,2
8,300, 453,6
8,297, 452,15
8,293, 449,22
8,290, 446,30
8,285, 443,39
8,281, 440,46
8,275, 435,54
8,267, 429,63
8,261, 425,70
8,254, 420,78
8,242, 414,86
8,235, 410,94
8,227, 406,102
8,223, 403,110
8,219, 400,118
8,217, 398,126
8,215, 395,134
8,215, 393,142
8,215, 392,150
8,215, 391,158
8,214, 389,166
8,214, 388,174
8,214, 387,182
8,214, 385,190
8,213, 384,198
8,212, 382,206
8,212, 381,222
8,211, 380,238
8,211, 379,246
8,210, 377,254
8,209, 376,262
8,208, 375,270
8,208, 374,278
8,207, 373,286
8,207, 372,302
8,208, 371,326
8,212, 369,334
8,217, 368,342
8,226, 367,350
8,235, 365,358
8,246, 364,366
8,264, 362,374
8,282, 359,384
8,303, 356,390
8,326, 355,399
8,357, 355,406
8,383, 353,415
8,405, 353,422
8,422, 353,430
8,439, 353,439
8,448, 353,446
8,455, 353,454
8,459, 353,462
8,462, 353,470
8,460, 353,646
8,460, 353,648
8,457, 353,654
8,454, 353,662
8,449, 353,670
8,442, 353,678
8,438, 353,686
8,431, 353,694
8,425, 353,703
8,422, 353,710
8,420, 354,718
8,419, 354,726
8,418, 354,734
6,418, 354,904
6,416, 355,934
6,415, 355,950
6,415, 356,958
6,413, 356,966
6,412, 356,1294
6,411, 356,1326
6,410, 356,1334
6,408, 356,1342
6,404, 356,1350
6,399, 355,1358
6,393, 355,1366
6,382, 353,1375
6,371, 352,1383
6,356, 350,1390
6,342, 348,1398
6,319, 344,1406
6,304, 343,1415
6,282, 340,1422
6,268, 340,1431
6,253, 340,1438
6,240, 339,1446
6,229, 339,1454
6,220, 339,1462
6,212, 339,1470
6,207, 339,1478
6,203, 339,1487
6,202, 339,1494
6,201, 339,1502
6,199, 339,1758
6,197, 339,1766
6,196, 339,1774
6,194, 340,1782
6,191, 340,1790
6,189, 340,1798
6,186, 340,1806
6,184, 340,1814
6,183, 340,1822
6,182, 340,1830
6,183, 341,2014
6,184, 341,2022
4,184, 341,2024
4,187, 342,2030
4,191, 342,2038
4,196, 342,2046
4,203, 342,2054
4,211, 342,2063
4,218, 342,2070
4,225, 342,2078
4,231, 341,2086
4,237, 339,2094
4,242, 338,2102
4,246, 336,2110
4,249, 335,2118
4,253, 333,2126
4,256, 332,2134
4,258, 331,2142
4,262, 328,2150
4,265, 327,2158
4,270, 325,2166
4,274, 323,2174
4,280, 321,2182
4,289, 318,2190
4,296, 315,2198
4,303, 312,2206
4,311, 310,2214
4,317, 306,2222
4,324, 303,2230
4,328, 301,2238
4,336, 297,2246
4,342, 294,2254
4,348, 290,2262
4,356, 287,2270
4,361, 283,2278
4,365, 280,2286
4,369, 278,2294
4,375, 275,2302
4,379, 272,2310
4,383, 269,2318
4,388, 266,2326
4,393, 263,2334
4,399, 260,2342
4,404, 258,2350
4,408, 255,2358
4,413, 252,2366
4,415, 249,2374
4,416, 248,2382
4,416, 247,2390
3,416, 247,2640
3,415, 247,2646
3,413, 248,2654
3,408, 250,2662
3,399, 253,2670
3,389, 256,2678
3,378, 261,2687
3,365, 265,2698
3,352, 272,2702
3,339, 280,2710
3,326, 285,2718
3,315, 291,2726
3,305, 297,2734
3,299, 301,2742
3,293, 306,2750
3,289, 309,2758
3,286, 312,2766
3,286, 315,2774
3,285, 317,2782
3,285, 319,2790
3,285, 320,2798
3,285, 323,2806
3,285, 325,2814
3,285, 328,2822
3,285, 330,2830
3,285, 331,2838
3,285, 333,2846
3,285, 335,2854
3,285, 336,2870
3,285, 337,2878
3,286, 338,2894
3,286, 340,2910
3,287, 340,2918
3,288, 341,2926
3,288, 342,2934
3,288, 343,2942
3,289, 343,2950
3,290, 344,2958
3,290, 345,2966
3,291, 346,3006
3,292, 346,3022
3,293, 347,3030
3,293, 348,3046
5,293, 348,3135
5,295, 350,3166
5,297, 351,3174
5,298, 353,3182
5,301, 354,3190
5,305, 357,3198
5,307, 358,3206
5,310, 360,3214
5,312, 361,3222
5,314, 364,3230
5,317, 365,3238
5,319, 368,3246
5,323, 371,3254
5,324, 375,3262
5,328, 378,3270
5,330, 383,3278
5,332, 387,3286
5,334, 390,3294
5,337, 394,3302
5,341, 399,3310
5,342, 402,3318
5,345, 404,3326
5,347, 408,3334
5,348, 411,3342
5,350, 414,3350
5,353, 418,3358
5,355, 423,3366
5,357, 425,3374
5,359, 428,3382
5,361, 431,3390
5,362, 432,3398
5,362, 434,3406
5,364, 435,3414
5,365, 436,3422
5,365, 438,3430
5,366, 439,3438
5,367, 441,3446
5,368, 442,3454
5,369, 443,3462
5,370, 446,3470
5,372, 448,3478
5,374, 450,3486
5,377, 453,3494
5,380, 455,3502
5,383, 458,3510
5,385, 459,3518
5,386, 460,3526
5,387, 460,3534
5,388, 461,3542
5,389, 461,3558
5,390, 461,3606
5,391, 461,3622
5,392, 460,3630
5,393, 460,3638
5,394, 460,3734
</data>

</pull>

