<pull>
 <ip>158.121.95.81</ip>
 <referer>http://www.cs.umb.edu/~joecohen/mouse/?name=Dawei+Wang</referer>
 <date>Mon May 7 11:59:36 EDT 2012</date>
 <userAgent>Mozilla/5.0 (Windows NT 6.1; WOW64) AppleWebKit/535.19 (KHTML, like Gecko) Chrome/18.0.1025.152 Safari/535.19</userAgent>
 <userLang>en-US,en;q=0.8</userLang>
 <data>  
6,404, 359,0
6,403, 359,159
6,394, 362,167
6,387, 363,175
6,376, 361,184
6,369, 361,191
6,359, 360,200
6,347, 360,207
6,335, 359,215
6,324, 358,223
6,312, 358,231
6,302, 358,239
6,284, 358,247
6,276, 358,264
6,265, 358,271
6,261, 356,279
6,257, 355,287
6,254, 355,295
6,251, 354,303
6,247, 353,311
6,244, 352,319
6,242, 352,327
6,240, 352,335
6,239, 352,343
6,238, 352,351
6,237, 352,359
6,235, 352,367
6,233, 352,375
6,232, 352,383
6,230, 352,391
6,229, 352,399
6,228, 352,407
6,227, 352,415
6,226, 352,424
6,224, 352,431
6,222, 353,439
6,219, 353,447
6,215, 353,455
6,211, 353,463
6,207, 353,471
6,203, 353,479
6,197, 353,487
6,192, 353,495
6,187, 353,503
6,184, 353,510
6,180, 353,510
6,176, 353,520
6,173, 353,530
6,171, 353,540
6,169, 353,550
6,168, 353,550
6,167, 353,560
6,166, 353,570
6,165, 353,590
4,165, 353,1048
4,167, 352,1215
4,179, 347,1223
4,188, 344,1239
4,204, 338,1247
4,215, 334,1255
4,229, 329,1263
4,244, 323,1271
4,259, 317,1280
4,275, 310,1287
4,291, 303,1295
4,306, 297,1303
4,320, 290,1311
4,332, 284,1319
4,341, 280,1327
4,349, 277,1335
4,350, 277,1399
4,352, 276,1407
4,354, 275,1471
4,356, 274,1479
4,358, 274,1487
4,361, 272,1495
4,363, 271,1503
4,366, 270,1511
4,369, 269,1519
4,371, 268,1527
4,374, 266,1535
4,377, 264,1543
4,381, 261,1551
4,387, 258,1559
4,392, 256,1567
4,397, 253,1575
4,402, 251,1583
4,407, 249,1591
4,411, 248,1599
4,413, 247,1607
4,415, 246,1615
4,417, 245,1623
3,417, 245,2056
3,415, 245,2215
3,407, 249,2223
3,401, 252,2231
3,396, 254,2239
3,391, 257,2247
3,386, 260,2255
3,382, 264,2263
3,377, 269,2271
3,372, 275,2281
3,366, 282,2287
3,360, 288,2295
3,355, 295,2303
3,350, 301,2311
3,346, 308,2319
3,341, 316,2327
3,338, 321,2335
3,334, 327,2343
3,331, 332,2352
3,328, 336,2359
3,326, 339,2367
3,325, 342,2375
3,324, 343,2384
3,324, 344,2391
3,323, 344,2399
3,323, 345,2431
3,322, 345,2439
3,321, 346,2448
3,320, 346,2455
3,319, 347,2463
3,319, 348,2471
3,318, 348,2479
3,317, 348,2494
3,315, 347,2554
3,312, 342,2564
3,310, 340,2574
3,309, 340,2574
3,308, 339,2584
3,307, 339,2594
5,307, 339,2920
5,308, 342,3039
5,310, 346,3047
5,313, 351,3055
5,316, 357,3063
5,319, 363,3073
5,323, 369,3079
5,327, 376,3087
5,331, 383,3095
5,340, 397,3103
5,345, 403,3119
5,350, 412,3127
5,352, 415,3135
5,353, 419,3143
5,354, 422,3151
5,355, 423,3159
5,356, 425,3167
5,356, 426,3231
5,357, 426,3239
5,358, 427,3247
5,359, 427,3255
5,360, 428,3263
5,362, 429,3271
5,363, 429,3279
5,365, 429,3287
5,366, 429,3295
5,367, 429,3303
5,369, 429,3311
5,370, 430,3319
5,371, 430,3327
5,373, 430,3335
5,375, 430,3343
5,376, 431,3351
5,378, 431,3359
5,381, 432,3367
5,383, 433,3375
5,386, 434,3383
5,389, 435,3391
5,391, 436,3399
5,393, 438,3407
5,394, 439,3415
5,396, 440,3423
5,397, 441,3431
5,397, 442,3439
5,398, 443,3447
5,399, 443,3455
</data>

</pull>

<pull>
 <ip>158.121.95.81</ip>
 <referer>http://www.cs.umb.edu/~joecohen/mouse/?name=Dawei+Wang</referer>
 <date>Mon May 7 11:59:54 EDT 2012</date>
 <userAgent>Mozilla/5.0 (Windows NT 6.1; WOW64) AppleWebKit/535.19 (KHTML, like Gecko) Chrome/18.0.1025.152 Safari/535.19</userAgent>
 <userLang>en-US,en;q=0.8</userLang>
 <data>  
8,289, 462,1
8,290, 460,119
8,291, 455,127
8,293, 452,135
8,294, 448,143
8,295, 444,151
8,297, 440,161
8,300, 435,167
8,302, 430,177
8,305, 425,183
8,307, 420,191
8,310, 415,201
8,312, 410,208
8,315, 406,215
8,317, 403,225
8,319, 400,231
8,321, 396,239
8,323, 393,247
8,325, 390,255
8,327, 386,263
8,330, 383,271
8,333, 379,279
8,336, 375,288
8,339, 371,295
8,342, 367,303
8,344, 365,313
8,346, 363,320
8,348, 361,327
8,349, 360,335
8,350, 359,343
8,351, 359,351
8,352, 358,359
8,353, 357,368
8,354, 357,375
8,355, 356,383
8,355, 355,391
8,356, 354,399
8,357, 354,407
8,358, 353,415
8,359, 353,423
8,360, 353,439
8,361, 352,455
8,362, 352,463
8,364, 352,471
8,365, 352,479
8,367, 352,487
8,369, 351,495
8,371, 351,503
8,374, 351,511
8,377, 351,519
8,384, 351,527
8,387, 351,543
8,392, 350,551
8,394, 350,559
8,397, 350,568
8,398, 349,575
8,400, 349,583
8,401, 349,591
8,402, 349,599
8,403, 349,615
8,404, 349,647
6,404, 349,920
6,403, 349,1200
6,398, 350,1210
6,394, 351,1220
6,389, 351,1230
6,378, 351,1230
6,370, 351,1240
6,360, 351,1250
6,347, 350,1260
6,333, 349,1270
6,318, 349,1270
6,302, 348,1280
6,286, 347,1290
6,270, 347,1300
6,255, 346,1310
6,241, 346,1310
6,228, 346,1320
6,218, 346,1330
6,211, 346,1340
6,207, 346,1350
6,204, 346,1350
6,201, 346,1360
6,199, 346,1370
6,198, 346,1380
6,196, 346,1390
6,195, 346,1390
6,194, 346,1410
6,193, 346,1420
6,192, 347,1430
6,191, 347,1440
6,190, 347,1455
6,188, 349,1463
6,186, 350,1473
6,184, 351,1487
6,179, 354,1496
6,177, 354,1503
6,176, 355,1511
6,174, 355,1519
6,173, 355,1543
4,173, 355,1704
4,176, 354,1759
4,184, 350,1767
4,194, 346,1775
4,201, 342,1785
4,211, 337,1792
4,223, 332,1799
4,236, 326,1807
4,250, 319,1816
4,265, 313,1823
4,280, 306,1831
4,296, 299,1839
4,312, 292,1847
4,327, 283,1855
4,341, 276,1863
4,354, 268,1871
4,366, 262,1879
4,375, 257,1887
4,381, 253,1895
4,385, 251,1903
4,388, 249,1911
4,391, 247,1919
4,393, 246,1927
4,394, 246,1935
4,394, 245,1943
3,394, 245,2264
3,392, 246,2527
3,390, 247,2535
3,388, 247,2543
3,386, 248,2551
3,384, 249,2559
3,381, 250,2568
3,377, 253,2575
3,369, 260,2583
3,362, 267,2591
3,354, 274,2599
3,347, 282,2607
3,338, 292,2616
3,329, 301,2623
3,320, 311,2631
3,313, 320,2639
3,307, 327,2647
3,303, 332,2657
3,300, 336,2663
3,298, 339,2671
3,296, 341,2679
3,296, 343,2688
3,295, 344,2695
5,295, 344,2944
5,296, 346,2983
5,307, 353,2991
5,315, 360,3001
5,327, 368,3007
5,340, 378,3015
5,355, 388,3023
5,371, 398,3033
5,386, 408,3039
5,401, 417,3047
5,414, 426,3055
5,424, 432,3065
5,432, 437,3071
5,432, 438,3087
5,432, 439,3095
5,432, 440,3103
5,431, 440,3111
5,430, 440,3119
5,430, 441,3127
5,429, 441,3135
5,428, 441,3231
5,421, 442,3241
5,417, 442,3247
5,413, 442,3255
5,411, 442,3263
5,409, 442,3272
5,407, 443,3279
5,406, 443,3287
5,405, 443,3295
5,404, 443,3343
</data>

</pull>

<pull>
 <ip>158.121.95.81</ip>
 <referer>http://www.cs.umb.edu/~joecohen/mouse/?name=Dawei+Wang</referer>
 <date>Mon May 7 12:00:12 EDT 2012</date>
 <userAgent>Mozilla/5.0 (Windows NT 6.1; WOW64) AppleWebKit/535.19 (KHTML, like Gecko) Chrome/18.0.1025.152 Safari/535.19</userAgent>
 <userLang>en-US,en;q=0.8</userLang>
 <data>  
8,290, 453,0
8,292, 451,50
8,298, 449,60
8,304, 446,70
8,309, 443,80
8,316, 437,80
8,326, 429,90
8,336, 420,100
8,345, 413,110
8,354, 406,120
8,362, 399,120
8,370, 393,130
8,377, 387,140
8,383, 383,150
8,393, 374,160
8,396, 371,170
8,402, 367,180
8,405, 365,200
8,409, 362,200
8,410, 362,210
8,411, 361,220
8,412, 360,230
8,413, 360,240
8,413, 359,250
8,414, 359,280
8,415, 358,290
8,416, 358,360
8,417, 358,370
6,417, 358,610
6,411, 358,665
6,378, 359,675
6,360, 359,682
6,339, 359,689
6,316, 359,697
6,293, 359,705
6,268, 359,714
6,244, 359,722
6,220, 359,729
6,199, 359,739
6,181, 359,745
6,165, 359,753
6,154, 359,761
6,145, 358,769
6,144, 356,785
6,144, 355,793
6,144, 354,809
6,145, 353,817
6,146, 353,825
6,147, 352,833
6,148, 352,969
6,149, 352,1033
6,150, 352,1041
6,151, 352,1050
6,152, 352,1089
6,154, 352,1097
6,155, 352,1105
6,156, 352,1113
6,157, 352,1129
6,159, 352,1289
6,163, 352,1297
6,166, 352,1305
6,168, 352,1313
6,170, 352,1321
6,172, 353,1329
6,174, 353,1337
6,175, 353,1345
6,176, 353,1353
6,177, 353,1401
4,177, 353,1522
4,179, 353,1537
4,180, 352,1546
4,182, 351,1553
4,185, 350,1561
4,188, 349,1569
4,193, 347,1578
4,201, 344,1585
4,215, 339,1593
4,225, 335,1610
4,250, 325,1617
4,265, 320,1633
4,297, 308,1641
4,313, 303,1649
4,327, 297,1657
4,340, 292,1665
4,349, 288,1673
4,356, 286,1681
4,358, 284,1689
4,361, 282,1697
4,363, 281,1705
4,365, 278,1713
4,368, 276,1722
4,371, 274,1729
4,373, 272,1737
4,375, 271,1745
4,377, 269,1753
4,379, 268,1761
4,381, 267,1769
4,383, 265,1778
4,385, 264,1786
4,387, 262,1793
4,388, 261,1801
4,389, 259,1809
4,391, 258,1817
4,392, 257,1825
4,393, 255,1833
4,394, 254,1841
4,395, 252,1849
4,396, 250,1857
4,398, 247,1866
4,400, 245,1873
4,401, 244,1881
4,402, 243,1889
4,402, 242,1897
4,403, 242,1913
4,403, 241,1945
3,403, 241,2114
3,401, 242,2139
3,397, 244,2145
3,392, 246,2153
3,387, 249,2161
3,382, 253,2169
3,376, 259,2177
3,371, 263,2187
3,365, 269,2193
3,354, 281,2202
3,348, 287,2217
3,337, 300,2225
3,332, 307,2233
3,328, 312,2241
3,325, 315,2249
3,323, 319,2257
3,320, 323,2265
3,318, 327,2273
3,315, 330,2281
3,313, 332,2289
3,312, 334,2297
3,311, 335,2305
3,310, 336,2321
3,310, 337,2329
3,309, 337,2337
3,308, 338,2345
3,308, 339,2353
3,307, 341,2361
3,306, 343,2369
3,305, 345,2377
3,303, 346,2385
3,303, 347,2393
3,302, 348,2401
3,301, 348,2411
3,301, 349,2417
3,300, 349,2450
3,299, 350,2457
3,298, 350,2465
3,296, 351,2473
3,294, 351,2483
3,292, 352,2489
3,290, 352,2498
3,288, 353,2505
3,287, 353,2513
5,287, 353,2658
5,287, 354,2723
5,289, 356,2729
5,291, 358,2737
5,295, 362,2745
5,301, 367,2753
5,309, 375,2761
5,330, 392,2769
5,343, 402,2785
5,369, 423,2793
5,383, 433,2810
5,410, 454,2817
5,423, 463,2826
5,434, 471,2833
5,443, 477,2841
5,449, 481,2849
5,448, 480,2993
5,446, 479,3001
5,443, 478,3009
5,441, 477,3017
5,439, 475,3025
5,436, 473,3033
5,434, 471,3041
5,432, 469,3049
5,430, 468,3057
5,428, 467,3065
5,427, 467,3074
5,427, 466,3081
5,426, 466,3089
5,425, 465,3115
5,424, 464,3129
5,423, 463,3138
5,423, 462,3145
5,423, 461,3153
5,423, 460,3161
5,423, 459,3177
</data>

</pull>

<pull>
 <ip>158.121.95.81</ip>
 <referer>http://www.cs.umb.edu/~joecohen/mouse/?name=Dawei+Wang</referer>
 <date>Mon May 7 12:00:19 EDT 2012</date>
 <userAgent>Mozilla/5.0 (Windows NT 6.1; WOW64) AppleWebKit/535.19 (KHTML, like Gecko) Chrome/18.0.1025.152 Safari/535.19</userAgent>
 <userLang>en-US,en;q=0.8</userLang>
 <data>  
8,291, 443,1
8,294, 442,70
8,297, 441,78
8,299, 439,86
8,302, 437,94
8,305, 435,102
8,309, 431,110
8,313, 427,118
8,317, 423,126
8,321, 419,134
8,325, 414,142
8,330, 409,150
8,335, 404,158
8,340, 398,166
8,345, 393,174
8,350, 388,182
8,353, 385,190
8,356, 381,198
8,361, 376,206
8,363, 375,222
8,365, 372,230
8,366, 371,246
8,368, 370,255
8,369, 369,262
8,370, 368,270
8,371, 368,278
8,371, 367,286
8,372, 367,294
8,373, 366,302
8,374, 366,310
8,375, 365,318
8,376, 365,334
8,377, 364,350
8,378, 364,398
8,379, 364,422
8,379, 363,430
8,380, 363,438
8,381, 363,446
8,382, 363,454
8,383, 362,462
8,385, 362,470
8,387, 361,478
8,390, 360,487
8,392, 358,494
8,394, 357,502
8,396, 356,510
8,397, 356,518
8,399, 355,526
8,400, 354,534
8,401, 354,542
8,402, 353,550
8,403, 352,558
8,404, 352,566
8,405, 352,582
6,405, 352,727
6,404, 352,750
6,397, 354,758
6,393, 355,766
6,388, 357,774
6,383, 359,783
6,377, 361,790
6,371, 363,798
6,367, 365,806
6,362, 367,814
6,359, 369,822
6,355, 370,830
6,351, 371,838
6,348, 373,846
6,344, 373,854
6,340, 374,863
6,335, 375,870
6,329, 375,878
6,324, 375,886
6,318, 375,896
6,313, 375,902
6,307, 375,910
6,302, 375,918
6,296, 375,926
6,291, 374,934
6,286, 373,942
6,282, 372,950
6,277, 371,958
6,272, 370,966
6,268, 368,974
6,263, 367,982
6,257, 365,990
6,250, 363,998
6,243, 361,1006
6,235, 359,1014
6,227, 356,1022
6,218, 354,1030
6,209, 351,1038
6,202, 349,1046
6,196, 347,1054
6,190, 345,1062
6,185, 343,1070
6,181, 342,1078
6,178, 341,1086
6,175, 340,1094
6,173, 340,1102
6,171, 339,1111
6,170, 338,1118
6,169, 338,1126
6,168, 338,1142
4,168, 338,1382
4,174, 336,1518
4,196, 329,1526
4,209, 325,1534
4,223, 321,1542
4,238, 317,1550
4,252, 314,1558
4,266, 310,1566
4,281, 305,1574
4,294, 301,1582
4,307, 296,1590
4,319, 290,1598
4,330, 285,1606
4,339, 279,1614
4,346, 274,1622
4,352, 270,1630
4,357, 266,1638
4,362, 262,1646
4,365, 258,1654
4,369, 254,1662
4,372, 252,1670
4,374, 250,1678
4,376, 249,1686
4,377, 247,1694
4,379, 246,1702
4,381, 245,1710
4,383, 244,1718
4,385, 243,1726
4,387, 242,1734
4,388, 242,1742
4,389, 241,1750
4,391, 241,1758
4,392, 240,1767
4,393, 240,1774
4,394, 239,1782
4,395, 239,1790
4,396, 238,1806
3,396, 238,2038
3,396, 240,2134
3,395, 242,2142
3,395, 246,2150
3,395, 251,2158
3,395, 257,2166
3,395, 263,2174
3,395, 269,2182
3,395, 277,2191
3,394, 286,2198
3,394, 294,2206
3,393, 303,2214
3,392, 323,2222
3,391, 335,2238
3,390, 358,2246
3,389, 367,2262
3,389, 382,2272
3,388, 386,2278
3,388, 388,2286
3,388, 389,2294
3,387, 389,2335
3,381, 388,2342
3,377, 387,2350
3,373, 386,2359
3,368, 385,2366
3,364, 384,2374
3,358, 383,2382
3,355, 383,2390
3,353, 383,2398
3,351, 383,2406
3,350, 383,2414
3,349, 383,2422
3,349, 382,2430
3,348, 382,2438
3,348, 381,2446
3,347, 380,2455
3,347, 379,2462
3,346, 378,2470
3,345, 376,2478
3,344, 375,2485
3,342, 375,2494
3,341, 373,2503
3,338, 372,2511
3,336, 371,2520
3,334, 370,2527
3,332, 369,2535
3,330, 367,2543
3,328, 365,2551
3,326, 363,2559
3,324, 361,2567
3,323, 359,2576
3,322, 359,2599
3,322, 359,2832
3,321, 359,3007
3,318, 358,3015
3,317, 358,3023
3,315, 358,3031
3,314, 357,3048
3,313, 357,3055
3,312, 357,3071
3,310, 356,3080
3,309, 356,3087
3,308, 356,3095
3,307, 356,3111
3,306, 356,3119
5,306, 356,3208
5,307, 357,3399
5,308, 358,3407
5,310, 360,3415
5,313, 363,3423
5,317, 367,3431
5,323, 372,3439
5,328, 377,3447
5,335, 382,3455
5,341, 389,3463
5,347, 395,3471
5,354, 402,3479
5,360, 409,3487
5,366, 416,3495
5,373, 424,3503
5,380, 431,3510
5,387, 439,3519
5,393, 446,3527
5,397, 451,3535
5,401, 455,3545
5,402, 457,3551
5,403, 457,3559
5,404, 457,3566
5,405, 457,3575
5,406, 457,3591
5,407, 457,3599
5,407, 456,3607
5,409, 454,3615
5,409, 453,3639
</data>

</pull>

<pull>
 <ip>158.121.95.81</ip>
 <referer>http://www.cs.umb.edu/~joecohen/mouse/?name=Dawei+Wang</referer>
 <date>Mon May 7 12:00:25 EDT 2012</date>
 <userAgent>Mozilla/5.0 (Windows NT 6.1; WOW64) AppleWebKit/535.19 (KHTML, like Gecko) Chrome/18.0.1025.152 Safari/535.19</userAgent>
 <userLang>en-US,en;q=0.8</userLang>
 <data>  
8,291, 450,0
8,292, 450,10
8,294, 448,20
8,300, 444,20
8,306, 440,40
8,317, 433,50
8,322, 430,70
8,334, 419,70
8,341, 414,80
8,348, 408,90
8,354, 403,100
8,360, 398,100
8,365, 393,110
8,369, 388,120
8,374, 383,130
8,377, 379,140
8,381, 374,140
8,384, 370,150
8,387, 366,160
8,389, 364,170
8,392, 362,180
8,393, 361,180
8,395, 360,190
8,396, 359,200
8,398, 358,210
8,400, 356,220
8,401, 354,220
8,403, 353,237
8,405, 351,246
8,406, 349,255
8,408, 348,262
8,409, 347,270
8,411, 346,277
8,412, 344,285
8,414, 344,294
8,415, 343,301
8,416, 343,309
8,415, 344,462
8,412, 348,469
6,412, 348,472
6,409, 351,478
6,405, 353,485
6,397, 355,493
6,387, 357,501
6,374, 358,510
6,351, 360,517
6,336, 360,525
6,319, 361,533
6,302, 361,542
6,284, 363,549
6,266, 364,558
6,248, 367,566
6,231, 369,574
6,214, 371,582
6,199, 373,589
6,185, 374,598
6,172, 376,605
6,163, 376,613
6,156, 377,622
6,155, 377,629
6,156, 377,694
6,159, 375,702
6,160, 375,781
6,161, 374,789
6,162, 373,798
6,164, 372,805
6,166, 370,814
6,169, 366,821
6,172, 363,829
6,174, 359,837
6,175, 356,847
6,177, 353,853
6,177, 351,861
6,177, 350,869
6,177, 349,877
4,177, 349,1008
4,178, 348,1029
4,181, 347,1037
4,187, 345,1047
4,197, 341,1053
4,206, 337,1062
4,217, 332,1070
4,232, 327,1077
4,249, 319,1085
4,268, 312,1093
4,285, 303,1101
4,301, 294,1110
4,315, 286,1117
4,326, 277,1125
4,334, 271,1133
4,340, 267,1142
4,341, 265,1149
4,341, 264,1253
4,348, 264,1253
4,354, 263,1263
4,361, 262,1273
4,367, 260,1283
4,373, 258,1293
4,379, 256,1293
4,384, 255,1303
4,387, 253,1313
4,391, 252,1323
4,394, 251,1333
4,397, 251,1333
4,401, 251,1343
4,405, 251,1353
4,408, 250,1363
4,410, 250,1373
4,412, 249,1373
4,413, 248,1383
4,414, 247,1393
4,415, 246,1403
4,415, 244,1413
4,415, 243,1413
4,416, 243,1423
4,415, 243,1573
3,415, 243,1593
3,414, 243,1603
3,412, 244,1613
3,409, 245,1613
3,405, 248,1623
3,400, 252,1633
3,396, 257,1643
3,391, 262,1653
3,385, 268,1653
3,379, 275,1663
3,373, 282,1673
3,367, 290,1683
3,360, 298,1693
3,353, 307,1693
3,342, 321,1703
3,338, 327,1723
3,332, 337,1733
3,330, 341,1743
3,326, 347,1753
3,324, 350,1763
3,323, 351,1773
3,322, 352,1773
3,321, 354,1783
3,320, 354,1803
3,319, 355,1813
3,318, 356,1823
3,317, 356,1833
3,316, 357,1843
3,315, 357,1893
3,314, 355,1913
3,314, 354,1923
3,314, 353,1933
3,314, 352,1943
3,314, 351,2003
3,313, 351,2013
3,313, 350,2023
3,312, 350,2033
3,311, 350,2053
5,311, 350,2214
5,312, 350,2222
5,313, 350,2245
5,314, 350,2253
5,317, 350,2261
5,320, 351,2270
5,324, 352,2278
5,327, 353,2285
5,331, 355,2293
5,335, 356,2301
5,338, 358,2309
5,343, 361,2317
5,348, 366,2326
5,354, 371,2333
5,359, 377,2341
5,363, 384,2349
5,368, 393,2357
5,372, 401,2366
5,377, 411,2373
5,381, 419,2381
5,385, 427,2389
5,388, 433,2398
5,390, 437,2406
5,391, 441,2413
5,392, 444,2421
5,392, 446,2429
5,392, 448,2437
5,392, 450,2445
5,392, 452,2453
5,392, 454,2461
5,393, 455,2470
5,393, 456,2477
5,393, 457,2485
5,393, 458,2493
5,393, 461,2701
5,393, 464,2709
</data>

</pull>

<pull>
 <ip>158.121.95.81</ip>
 <referer>http://www.cs.umb.edu/~joecohen/mouse/?name=Dawei+Wang</referer>
 <date>Mon May 7 12:00:31 EDT 2012</date>
 <userAgent>Mozilla/5.0 (Windows NT 6.1; WOW64) AppleWebKit/535.19 (KHTML, like Gecko) Chrome/18.0.1025.152 Safari/535.19</userAgent>
 <userLang>en-US,en;q=0.8</userLang>
 <data>  
8,290, 452,1
8,294, 448,46
8,306, 438,54
8,315, 432,62
8,323, 425,71
8,331, 417,78
8,338, 408,86
8,344, 401,94
8,350, 394,102
8,356, 388,110
8,362, 382,118
8,366, 378,126
8,369, 374,135
8,372, 370,142
8,374, 367,150
8,375, 364,158
8,377, 361,166
8,379, 358,174
8,381, 355,182
8,383, 352,192
8,385, 349,198
8,387, 346,208
8,390, 343,214
8,392, 340,222
8,394, 338,230
8,395, 335,238
8,397, 332,246
8,398, 329,254
8,399, 327,262
8,400, 325,270
8,400, 324,278
8,401, 324,286
8,401, 324,428
8,401, 325,478
8,401, 326,488
8,401, 328,498
8,400, 329,558
8,399, 331,568
8,399, 332,578
8,398, 335,588
8,398, 337,598
8,397, 341,608
8,396, 342,618
8,396, 343,628
6,396, 343,918
6,393, 345,968
6,389, 346,978
6,382, 349,988
6,374, 352,998
6,364, 356,998
6,351, 359,1008
6,337, 362,1018
6,319, 365,1028
6,280, 371,1041
6,262, 374,1054
6,225, 377,1062
6,209, 378,1078
6,185, 379,1086
6,177, 379,1102
6,169, 378,1110
6,168, 378,1118
6,167, 378,1126
6,167, 377,1158
6,166, 376,1206
6,165, 374,1214
6,165, 373,1222
6,164, 371,1231
6,163, 369,1240
6,163, 367,1246
6,163, 366,1254
6,163, 364,1262
6,164, 363,1270
6,166, 361,1278
6,168, 361,1286
6,169, 359,1294
6,170, 359,1302
6,171, 359,1310
6,172, 358,1318
6,173, 358,1326
6,174, 358,1334
6,175, 357,1342
6,176, 357,1350
4,176, 357,1527
4,177, 356,1574
4,179, 356,1582
4,184, 354,1590
4,187, 352,1598
4,191, 350,1614
4,201, 346,1622
4,206, 344,1631
4,213, 341,1639
4,222, 337,1646
4,232, 332,1654
4,243, 328,1662
4,255, 322,1670
4,267, 317,1678
4,280, 310,1686
4,293, 304,1694
4,305, 299,1702
4,317, 293,1710
4,328, 288,1718
4,338, 284,1726
4,354, 277,1734
4,363, 272,1752
4,367, 270,1758
4,371, 267,1767
4,375, 265,1774
4,377, 263,1782
4,379, 262,1790
4,380, 262,1800
4,381, 262,1806
4,382, 261,1854
4,383, 261,1863
4,384, 260,2030
4,387, 260,2038
4,390, 258,2041
4,392, 258,2051
4,394, 257,2061
4,395, 257,2061
4,396, 257,2071
3,396, 257,2247
3,395, 257,2270
3,390, 259,2278
3,387, 260,2286
3,383, 261,2294
3,379, 264,2302
3,375, 267,2310
3,371, 273,2318
3,363, 282,2327
3,358, 289,2342
3,346, 303,2350
3,339, 311,2366
3,327, 325,2374
3,322, 330,2382
3,319, 333,2390
3,317, 335,2398
3,315, 338,2406
3,313, 339,2414
3,312, 340,2422
3,311, 341,2430
3,310, 341,2438
3,309, 342,2526
3,308, 342,2534
3,307, 343,2542
3,306, 344,2552
3,305, 345,2558
3,304, 346,2567
3,304, 347,2574
5,304, 347,2736
5,306, 347,2742
5,307, 347,2758
5,312, 351,2766
5,316, 354,2774
5,320, 359,2782
5,326, 365,2790
5,335, 374,2800
5,345, 385,2806
5,356, 396,2814
5,366, 407,2822
5,375, 416,2830
5,382, 424,2838
5,389, 433,2848
5,396, 442,2854
5,402, 449,2862
5,407, 453,2870
5,410, 456,2878
5,411, 457,2886
</data>

</pull>

