<pull>
 <ip>158.121.23.203</ip>
 <referer>http://www.cs.umb.edu/~joecohen/mouse/?name=fara</referer>
 <date>Mon Apr 23 15:51:56 EDT 2012</date>
 <userAgent>Mozilla/5.0 (Windows NT 6.1; WOW64) AppleWebKit/535.19 (KHTML, like Gecko) Chrome/18.0.1025.162 Safari/535.19</userAgent>
 <userLang>en-US,en;q=0.8</userLang>
 <data>  
8,293, 450,1
8,292, 450,208
8,291, 450,216
8,289, 450,224
8,288, 451,240
8,286, 454,248
8,285, 455,256
8,284, 455,264
8,284, 456,272
8,284, 457,280
8,285, 456,352
8,287, 455,360
8,289, 453,368
8,291, 452,376
8,295, 448,384
8,297, 445,392
8,301, 440,400
8,307, 434,408
8,311, 426,416
8,316, 419,424
8,322, 410,432
8,327, 402,440
8,332, 395,448
8,338, 389,456
8,342, 384,464
8,345, 379,472
8,349, 376,480
8,351, 375,488
8,352, 373,496
8,353, 373,560
8,354, 373,576
8,355, 373,584
8,357, 373,592
8,358, 372,600
8,361, 371,608
8,364, 370,616
8,367, 370,624
8,377, 366,632
8,380, 366,640
8,383, 365,648
8,384, 364,656
8,387, 363,664
8,389, 363,672
8,390, 362,680
8,390, 361,704
8,391, 361,720
8,392, 361,728
8,393, 360,736
8,396, 359,744
8,398, 359,752
8,401, 358,760
8,405, 358,768
8,408, 357,776
8,413, 357,784
8,416, 356,792
8,419, 356,800
8,420, 356,808
8,419, 356,872
6,419, 356,1136
6,416, 356,1400
6,414, 356,1408
6,412, 356,1416
6,407, 355,1424
6,403, 355,1432
6,400, 354,1440
6,396, 353,1448
6,390, 351,1456
6,383, 350,1464
6,376, 349,1472
6,369, 348,1480
6,361, 348,1488
6,354, 347,1496
6,345, 347,1504
6,337, 347,1512
6,329, 347,1520
6,321, 347,1528
6,312, 347,1536
6,304, 348,1544
6,295, 350,1552
6,286, 351,1560
6,277, 352,1568
6,268, 355,1576
6,259, 356,1584
6,240, 358,1592
6,233, 358,1608
6,221, 359,1616
6,218, 360,1624
6,215, 360,1632
6,214, 360,1704
6,211, 360,1720
6,209, 360,1736
6,207, 358,1744
6,206, 357,1753
6,204, 357,1760
6,202, 356,1768
6,200, 354,1776
6,198, 354,1784
6,195, 353,1792
6,193, 353,1800
6,190, 352,1808
6,189, 352,1816
6,187, 352,1824
6,186, 352,1840
6,185, 352,1848
4,185, 352,2048
4,187, 351,2382
4,194, 348,2392
4,197, 346,2392
4,202, 345,2402
4,208, 342,2412
4,217, 337,2422
4,225, 333,2432
4,236, 327,2432
4,247, 323,2442
4,260, 317,2452
4,274, 312,2462
4,288, 307,2472
4,303, 303,2472
4,315, 299,2482
4,326, 296,2492
4,336, 292,2502
4,343, 290,2512
4,349, 288,2512
4,354, 287,2522
4,357, 286,2532
4,358, 286,2542
4,358, 285,2552
4,359, 285,2552
4,361, 285,2572
4,363, 284,2582
4,365, 282,2592
4,368, 282,2592
4,370, 280,2602
4,372, 279,2612
4,374, 277,2622
4,376, 276,2632
4,377, 274,2632
4,379, 273,2642
4,380, 271,2652
4,381, 270,2662
4,382, 268,2672
4,382, 267,2672
4,383, 266,2682
4,386, 261,2692
4,386, 260,2712
4,388, 255,2712
4,390, 254,2722
4,390, 253,2732
4,393, 250,2742
4,395, 248,2752
4,397, 245,2752
4,400, 243,2762
4,403, 241,2772
4,406, 239,2782
4,409, 237,2792
4,410, 236,2792
4,412, 234,2802
4,414, 232,2822
4,415, 232,2832
4,415, 233,3034
4,414, 233,3044
4,414, 235,3054
4,411, 238,3054
4,410, 239,3074
4,408, 242,3084
3,408, 242,3296
3,408, 243,3591
3,411, 243,3599
3,413, 243,3607
3,416, 243,3615
3,419, 243,3623
3,423, 243,3631
3,425, 243,3639
3,427, 243,3647
3,429, 243,3656
3,429, 244,3711
3,427, 247,3720
3,417, 257,3727
3,411, 262,3743
3,389, 280,3752
3,378, 287,3759
3,368, 292,3767
3,360, 298,3775
3,350, 302,3783
3,340, 305,3791
3,331, 309,3799
3,322, 313,3807
3,315, 316,3815
3,309, 319,3823
3,304, 322,3831
3,302, 324,3839
3,300, 327,3847
3,298, 329,3855
3,296, 332,3863
3,296, 334,3871
3,296, 337,3879
3,296, 338,3888
3,296, 339,3895
3,297, 339,3967
3,298, 339,3991
3,298, 340,4007
3,298, 341,4023
3,298, 342,4031
3,298, 343,4055
5,298, 343,4515
5,299, 345,4745
5,300, 346,4755
5,303, 348,4765
5,305, 352,4775
5,309, 357,4775
5,316, 363,4785
5,322, 371,4795
5,329, 380,4805
5,337, 390,4815
5,343, 398,4815
5,349, 406,4825
5,355, 414,4835
5,359, 420,4845
5,363, 425,4855
5,366, 429,4855
5,367, 430,4865
5,368, 430,4935
5,368, 429,4935
5,368, 428,4975
5,368, 427,5015
5,368, 426,5015
5,368, 425,5045
5,368, 428,5205
5,369, 430,5223
5,371, 433,5231
5,372, 435,5239
5,374, 437,5247
5,375, 437,5255
5,376, 439,5263
5,378, 440,5271
5,379, 441,5287
5,380, 441,5295
5,380, 442,5303
5,381, 442,5311
5,381, 443,5327
5,382, 443,5336
5,382, 444,5343
5,383, 444,5351
5,384, 444,5359
5,384, 445,5375
5,385, 445,5399
</data>

</pull>

