<pull>
 <ip>155.41.235.38</ip>
 <referer>http://www.cs.umb.edu/~joecohen/mouse/?name=fartasaurus+maximus+rex</referer>
 <date>Tue May 8 13:11:31 EDT 2012</date>
 <userAgent>Mozilla/5.0 (Windows NT 6.1) AppleWebKit/535.19 (KHTML, like Gecko) Chrome/18.0.1025.168 Safari/535.19</userAgent>
 <userLang>en-US,en;q=0.8</userLang>
 <data>  
8,286, 450,1
8,286, 448,39
8,287, 446,47
8,290, 443,64
8,293, 438,71
8,301, 428,79
8,308, 420,87
8,316, 412,95
8,325, 403,103
8,335, 394,111
8,344, 386,119
8,354, 378,127
8,362, 373,135
8,367, 369,143
8,370, 365,151
8,371, 365,159
8,373, 365,167
8,375, 365,175
8,378, 364,183
8,383, 363,191
8,388, 362,199
8,393, 360,207
8,397, 359,215
8,400, 359,223
8,404, 358,231
8,405, 358,239
8,406, 357,279
8,407, 356,295
6,407, 356,568
6,402, 356,607
6,395, 356,615
6,385, 356,623
6,375, 356,631
6,360, 356,639
6,341, 356,647
6,318, 356,663
6,249, 356,671
6,224, 356,687
6,202, 356,696
6,181, 356,704
6,164, 356,711
6,150, 356,719
6,136, 355,727
6,126, 355,735
6,118, 355,743
6,113, 355,751
6,108, 355,759
6,109, 355,951
6,112, 355,959
6,116, 355,967
6,122, 355,975
6,129, 354,983
6,136, 354,991
6,141, 354,999
6,147, 354,1007
6,150, 353,1015
6,153, 353,1023
6,154, 353,1039
6,155, 353,1071
6,157, 352,1111
6,158, 352,1135
6,159, 351,1143
6,160, 350,1151
6,161, 350,1167
6,162, 350,1247
6,163, 350,1255
6,166, 350,1263
4,166, 350,1264
4,169, 350,1271
4,172, 350,1279
4,175, 350,1281
4,177, 350,1291
4,179, 350,1301
4,181, 350,1311
4,182, 350,1319
4,183, 350,1327
4,185, 350,1335
4,187, 350,1343
4,191, 350,1351
4,197, 350,1359
4,204, 348,1367
4,214, 346,1375
4,234, 341,1383
4,245, 337,1391
4,259, 333,1407
4,318, 312,1415
4,343, 302,1431
4,367, 293,1439
4,392, 286,1447
4,414, 279,1455
4,434, 273,1463
4,456, 267,1471
4,476, 262,1479
4,493, 257,1487
4,507, 252,1495
4,520, 248,1503
4,530, 244,1511
4,537, 242,1519
4,542, 240,1527
4,542, 239,1535
4,542, 238,1551
4,540, 238,1687
4,539, 238,1695
4,536, 238,1703
4,534, 238,1711
4,529, 239,1719
4,523, 240,1727
4,515, 240,1735
4,505, 241,1743
4,494, 241,1751
4,486, 241,1759
4,479, 241,1767
4,474, 241,1775
4,468, 240,1783
4,465, 240,1791
4,462, 240,1799
4,459, 240,1807
4,455, 240,1815
4,451, 240,1823
4,447, 240,1831
4,444, 241,1839
4,441, 242,1847
4,438, 242,1855
4,436, 242,1863
4,436, 243,1871
4,435, 243,1879
4,434, 243,1895
4,433, 243,1919
4,432, 243,1943
4,432, 244,1959
4,431, 244,1968
4,430, 244,1991
4,429, 245,1999
4,428, 245,2023
4,427, 246,2031
4,426, 246,2039
4,425, 246,2047
4,424, 247,2055
4,423, 248,2063
4,423, 249,2087
4,422, 249,2095
4,422, 249,2096
4,421, 250,2103
4,420, 251,2111
4,418, 253,2127
4,417, 254,2135
4,415, 255,2143
4,414, 255,2151
4,413, 256,2159
4,412, 257,2167
4,411, 257,2175
4,409, 258,2183
4,407, 260,2191
4,405, 261,2199
4,400, 264,2207
4,396, 267,2215
4,388, 271,2224
4,381, 276,2231
4,372, 282,2239
4,363, 288,2247
4,353, 296,2255
4,343, 303,2263
4,334, 310,2271
4,327, 316,2279
4,322, 321,2287
4,319, 325,2295
4,316, 328,2303
4,315, 331,2311
4,314, 332,2319
4,314, 333,2335
4,314, 334,2343
4,314, 335,2375
4,314, 336,2383
4,314, 337,2399
4,314, 338,2407
4,314, 339,2415
4,315, 338,2463
4,319, 335,2471
4,322, 329,2479
4,327, 321,2487
4,333, 312,2495
4,338, 304,2503
4,344, 296,2511
4,347, 291,2519
4,350, 288,2527
4,350, 287,2535
4,351, 287,2543
4,351, 286,2551
4,351, 285,2559
4,352, 285,2567
4,353, 283,2576
4,353, 281,2584
4,353, 277,2591
4,354, 275,2599
4,355, 273,2607
4,355, 272,2615
4,355, 270,2623
4,355, 269,2631
4,355, 268,2639
4,356, 266,2647
4,356, 264,2655
4,357, 262,2663
4,357, 260,2671
4,357, 257,2679
4,357, 256,2703
4,358, 255,2767
4,361, 253,2775
4,364, 251,2783
4,368, 247,2791
4,371, 245,2799
4,375, 242,2807
4,377, 240,2815
4,379, 240,2823
4,382, 239,2831
4,385, 239,2839
4,388, 239,2847
4,391, 240,2855
4,394, 240,2863
4,399, 242,2871
4,401, 244,2879
4,403, 245,2887
4,404, 247,2895
4,405, 251,2903
4,405, 255,2911
4,405, 259,2919
4,403, 264,2927
4,401, 269,2936
4,400, 271,2943
4,399, 272,2951
4,398, 276,2959
4,398, 277,2967
4,398, 275,3015
4,398, 274,3023
4,398, 273,3055
4,398, 272,3079
4,399, 268,3087
4,400, 266,3103
4,402, 264,3111
4,402, 262,3119
4,404, 259,3127
4,405, 257,3135
4,405, 256,3151
3,405, 256,3376
3,402, 255,3447
3,398, 255,3455
3,397, 255,3463
3,396, 255,3471
3,395, 255,3479
3,393, 255,3487
3,390, 255,3495
3,387, 255,3503
3,382, 255,3511
3,376, 255,3519
3,368, 255,3527
3,360, 255,3535
3,351, 256,3543
3,343, 256,3551
3,336, 257,3559
3,329, 258,3567
3,324, 258,3575
3,319, 259,3583
3,315, 259,3599
3,306, 263,3607
3,304, 263,3615
3,301, 266,3631
3,299, 268,3639
3,296, 272,3647
3,294, 275,3655
3,292, 279,3663
3,290, 283,3671
3,289, 288,3679
3,288, 291,3687
3,288, 295,3695
3,288, 301,3703
3,288, 305,3711
3,288, 312,3719
3,289, 318,3727
3,291, 326,3735
3,293, 333,3744
3,294, 339,3751
3,295, 344,3759
3,297, 347,3767
3,299, 350,3775
3,300, 353,3783
3,302, 354,3791
3,303, 356,3799
3,305, 358,3807
3,306, 359,3815
3,307, 359,3823
3,306, 358,3951
3,306, 357,3959
3,304, 355,3967
3,303, 353,3975
3,301, 352,3983
3,299, 352,3999
3,298, 352,4023
5,298, 352,4280
5,298, 353,4415
5,299, 356,4423
5,301, 359,4431
5,302, 362,4439
5,304, 366,4447
5,307, 369,4455
5,309, 373,4463
5,312, 376,4471
5,314, 380,4479
5,316, 383,4487
5,319, 387,4495
5,322, 392,4503
5,325, 395,4511
5,328, 399,4519
5,333, 404,4527
5,337, 408,4543
5,349, 417,4551
5,355, 421,4567
5,360, 425,4575
5,365, 428,4583
5,368, 430,4591
5,373, 433,4599
5,375, 434,4607
5,377, 436,4615
5,381, 437,4623
5,383, 439,4639
5,390, 442,4647
5,392, 442,4663
5,393, 442,4671
5,394, 443,4679
5,395, 443,4711
5,395, 444,4719
5,397, 444,4727
5,399, 444,4735
5,400, 445,4743
5,402, 446,4751
5,403, 446,4759
5,405, 447,4767
5,405, 448,4775
5,406, 448,4783
5,407, 449,4791
5,408, 450,4799
5,408, 451,4807
5,408, 452,4831
5,407, 452,5007
5,407, 452,5119
5,407, 452,5120
5,407, 452,5120
5,407, 452,5151
5,406, 452,5167
5,406, 453,5175
5,405, 453,5191
5,404, 453,5199
5,402, 453,5207
5,399, 453,5215
5,396, 453,5223
5,392, 452,5231
5,386, 450,5239
5,380, 448,5247
5,374, 446,5255
5,366, 443,5263
5,357, 440,5271
5,347, 436,5279
5,336, 431,5287
5,326, 427,5295
5,316, 422,5303
5,307, 418,5311
5,297, 413,5319
5,288, 409,5327
5,281, 404,5335
5,276, 401,5343
5,271, 398,5351
5,269, 396,5359
5,267, 395,5367
5,264, 394,5375
5,263, 393,5383
5,262, 392,5391
5,260, 391,5399
5,258, 390,5407
5,256, 390,5415
5,255, 390,5423
5,254, 389,5431
5,252, 388,5439
5,251, 388,5455
5,251, 387,5471
5,250, 387,5495
5,249, 387,5503
5,249, 386,5519
5,249, 385,5527
5,248, 385,5535
5,248, 384,5551
5,247, 382,5559
5,246, 379,5567
5,245, 377,5575
5,244, 374,5583
5,243, 371,5591
5,242, 368,5599
5,242, 366,5607
5,242, 365,5615
5,242, 364,5623
5,241, 364,5631
5,241, 362,5719
5,241, 361,5727
5,241, 360,5735
5,241, 359,5751
5,241, 358,5783
5,241, 357,5799
5,241, 356,5807
5,240, 355,5823
5,240, 354,5831
5,240, 354,5831
5,240, 353,5839
5,240, 352,5863
5,240, 350,5903
5,240, 348,5911
5,241, 346,5927
5,241, 345,5951
5,241, 344,5975
5,241, 343,6007
5,242, 343,6015
5,242, 342,6023
5,243, 340,6031
5,243, 338,6039
5,243, 336,6047
5,244, 334,6055
5,244, 332,6063
5,244, 330,6071
5,244, 329,6079
5,244, 328,6087
5,244, 327,6104
5,245, 327,6175
5,247, 327,6191
5,252, 330,6199
5,257, 333,6207
5,263, 338,6215
5,269, 345,6223
5,275, 350,6231
5,282, 357,6239
5,288, 364,6247
5,295, 371,6255
5,301, 378,6263
5,307, 384,6271
5,313, 390,6279
5,319, 397,6287
5,324, 403,6295
5,332, 411,6303
5,340, 418,6311
5,347, 425,6319
5,355, 431,6327
5,361, 437,6335
5,366, 442,6343
5,370, 444,6351
5,380, 454,6367
5,382, 455,6375
5,382, 456,6383
5,383, 456,6391
5,384, 456,6631
5,385, 456,6639
5,387, 456,6647
5,389, 456,6655
5,392, 456,6663
5,395, 456,6671
5,399, 457,6679
5,403, 457,6687
5,407, 457,6695
5,410, 458,6711
5,414, 459,6719
5,416, 459,6735
5,417, 459,6751
</data>

</pull>

<pull>
 <ip>155.41.235.38</ip>
 <referer>http://www.cs.umb.edu/~joecohen/mouse/?name=fartasaurus+maximus+rex</referer>
 <date>Tue May 8 13:11:42 EDT 2012</date>
 <userAgent>Mozilla/5.0 (Windows NT 6.1) AppleWebKit/535.19 (KHTML, like Gecko) Chrome/18.0.1025.168 Safari/535.19</userAgent>
 <userLang>en-US,en;q=0.8</userLang>
 <data>  
8,279, 460,1
8,278, 460,7
8,277, 460,15
8,276, 459,23
8,274, 459,31
8,273, 459,39
8,272, 459,47
8,269, 459,56
8,268, 459,63
8,266, 459,71
8,265, 459,79
8,263, 459,87
8,261, 459,95
8,259, 459,103
8,257, 458,111
8,255, 458,119
8,253, 457,127
8,251, 456,135
8,249, 456,143
8,245, 455,151
8,242, 454,159
8,237, 453,168
8,231, 452,176
8,224, 452,183
8,217, 451,191
8,211, 450,199
8,206, 450,208
8,200, 450,216
8,196, 450,223
8,193, 450,231
8,191, 450,247
8,188, 450,255
8,188, 448,568
8,188, 446,575
8,188, 445,583
8,188, 443,591
8,188, 442,599
7,188, 442,840
7,188, 443,952
7,188, 444,960
7,187, 446,967
7,186, 446,975
7,186, 447,983
7,185, 448,991
7,185, 448,1320
7,185, 448,1512
7,185, 448,1712
7,191, 448,1783
7,199, 444,1791
7,207, 440,1800
7,217, 437,1807
7,229, 431,1815
7,240, 423,1823
7,253, 417,1831
7,280, 399,1839
7,292, 392,1847
7,302, 384,1855
7,311, 377,1863
7,319, 371,1879
7,325, 364,1887
7,331, 358,1895
7,337, 351,1903
7,341, 343,1911
7,345, 337,1919
7,348, 330,1927
7,350, 324,1935
7,352, 319,1943
7,353, 315,1951
7,353, 312,1959
7,354, 309,1967
7,354, 307,1975
7,354, 304,1983
7,354, 299,1991
7,354, 295,1999
7,354, 288,2007
7,354, 280,2015
7,354, 273,2023
7,354, 266,2031
7,354, 260,2039
7,354, 257,2047
7,354, 254,2055
7,353, 252,2063
7,352, 249,2072
7,351, 248,2079
7,350, 247,2087
7,349, 246,2103
7,349, 245,2111
7,347, 244,2119
7,346, 244,2127
7,343, 242,2135
7,341, 241,2143
7,337, 240,2151
7,332, 239,2159
7,328, 239,2167
7,324, 239,2175
7,318, 239,2183
7,313, 240,2192
7,308, 242,2199
7,303, 244,2207
7,298, 246,2215
7,294, 249,2224
7,290, 251,2231
7,287, 253,2239
7,285, 253,2247
7,283, 254,2255
7,281, 255,2263
7,280, 256,2271
7,277, 257,2279
7,276, 258,2287
7,275, 258,2295
7,274, 258,2303
7,273, 259,2311
2,273, 259,2504
2,274, 260,2671
2,276, 264,2679
2,280, 270,2687
2,283, 275,2696
2,286, 279,2703
2,289, 285,2711
2,294, 292,2719
2,298, 298,2727
2,303, 305,2735
2,309, 312,2743
2,313, 319,2751
2,318, 325,2759
2,323, 332,2767
2,330, 338,2775
2,335, 344,2783
2,341, 351,2791
2,346, 356,2799
2,353, 361,2815
2,367, 372,2823
2,372, 376,2839
2,377, 378,2847
2,382, 380,2855
2,387, 382,2863
2,391, 383,2871
2,394, 383,2879
2,399, 383,2887
2,401, 383,2896
2,404, 383,2904
2,405, 383,2920
2,410, 379,2928
2,412, 376,2944
2,414, 373,2952
2,415, 371,2960
2,417, 368,2968
2,418, 366,2976
2,419, 364,2984
2,419, 363,2992
2,419, 362,3000
2,419, 360,3008
2,419, 359,3016
2,419, 358,3024
2,419, 356,3040
2,418, 355,3056
6,418, 355,3225
6,416, 355,3232
6,415, 356,3248
6,414, 356,3257
6,413, 356,3264
6,412, 356,3272
6,411, 357,3280
6,410, 357,3288
6,409, 358,3296
6,407, 359,3320
6,406, 359,3328
6,400, 361,3336
6,394, 363,3344
6,385, 363,3360
6,376, 363,3369
6,366, 363,3376
6,354, 363,3384
6,342, 363,3392
6,328, 363,3400
6,315, 363,3408
6,302, 362,3416
6,293, 362,3424
6,283, 362,3432
6,278, 362,3440
6,263, 362,3448
6,260, 362,3456
6,259, 362,3464
6,259, 362,3769
6,259, 361,3816
6,259, 360,3832
6,259, 358,3840
6,259, 357,3848
6,260, 356,3856
6,260, 355,3864
6,262, 352,3888
6,264, 351,3904
6,265, 350,3912
6,266, 350,3920
6,268, 349,3928
6,268, 348,3936
6,269, 348,3944
6,270, 348,3952
6,271, 348,4051
6,272, 348,4071
6,273, 348,4071
6,273, 348,4157
6,273, 348,4158
6,273, 348,4159
6,274, 348,4160
6,274, 348,4183
6,274, 348,4209
6,273, 348,4288
6,271, 348,4296
6,265, 348,4304
6,261, 348,4320
6,256, 348,4328
6,253, 348,4336
6,250, 348,4344
6,247, 348,4352
6,244, 348,4360
6,241, 348,4368
6,238, 348,4376
6,234, 348,4384
6,231, 348,4392
6,227, 348,4400
6,222, 348,4408
6,219, 348,4416
6,215, 348,4424
6,212, 348,4432
6,209, 348,4440
6,207, 348,4448
6,205, 348,4456
6,202, 348,4464
6,201, 348,4480
6,198, 348,4488
6,197, 347,4496
6,195, 346,4504
6,193, 345,4512
6,192, 345,4520
6,191, 345,4528
6,190, 345,4536
6,189, 345,4552
6,188, 344,4560
6,187, 344,4696
4,187, 344,4713
4,189, 344,4816
4,193, 341,4824
4,196, 336,4832
4,203, 330,4840
4,215, 318,4848
4,221, 310,4856
4,226, 304,4864
4,231, 298,4872
4,236, 290,4880
4,240, 285,4888
4,244, 280,4896
4,247, 275,4904
4,250, 272,4912
4,252, 267,4920
4,253, 264,4928
4,254, 262,4936
4,255, 258,4944
4,256, 255,4952
4,256, 253,4960
4,256, 252,4968
4,256, 250,4976
4,256, 248,4984
4,256, 247,4992
4,256, 246,5000
4,256, 245,5008
4,256, 244,5016
4,256, 243,5040
4,256, 242,5048
4,256, 241,5072
4,257, 242,5168
4,260, 243,5176
4,262, 245,5184
4,267, 246,5192
4,271, 247,5200
4,276, 249,5208
4,282, 250,5216
4,286, 250,5225
4,290, 251,5232
4,293, 251,5240
4,297, 251,5248
4,298, 251,5256
4,299, 251,5264
4,300, 251,5272
4,301, 251,5288
4,302, 251,5312
4,303, 251,5328
4,303, 252,5336
4,303, 253,5352
4,304, 254,5360
2,304, 254,5433
2,305, 254,5472
2,311, 254,5480
2,314, 254,5488
2,317, 254,5496
2,322, 254,5504
2,330, 254,5512
2,340, 254,5520
2,352, 254,5528
2,365, 253,5537
2,378, 253,5544
2,391, 252,5552
2,405, 251,5560
2,417, 251,5568
2,427, 251,5576
2,434, 251,5584
2,438, 250,5592
2,439, 250,5608
2,440, 249,5704
2,440, 249,5833
2,439, 249,5864
2,438, 249,5872
2,437, 249,5880
2,435, 249,5888
2,432, 249,5897
2,430, 249,5904
2,428, 249,5912
2,426, 249,5920
2,424, 249,5928
2,423, 249,5936
2,422, 249,5952
2,421, 249,5960
3,421, 249,6153
3,419, 249,6177
3,415, 250,6184
3,408, 254,6192
3,401, 258,6200
3,391, 262,6208
3,379, 269,6216
3,369, 275,6224
3,358, 282,6232
3,349, 287,6240
3,339, 293,6248
3,332, 297,6256
3,327, 300,6264
3,323, 301,6272
3,323, 302,6280
3,322, 303,6288
3,322, 305,6304
3,322, 306,6320
3,322, 308,6336
3,322, 309,6352
3,322, 310,6360
3,322, 311,6368
3,322, 312,6376
3,322, 313,6384
3,322, 314,6392
3,322, 317,6400
3,322, 319,6408
3,322, 321,6416
3,322, 323,6424
3,322, 326,6432
3,322, 329,6440
3,322, 332,6448
3,322, 335,6456
3,322, 339,6464
3,322, 341,6472
3,321, 344,6480
3,321, 346,6488
3,320, 349,6496
3,319, 349,6504
3,319, 350,6512
3,319, 351,6720
3,319, 351,6721
3,318, 353,6728
3,317, 355,6736
3,316, 357,6744
3,314, 361,6752
3,312, 368,6760
3,311, 371,6768
3,311, 374,6778
3,311, 377,6785
3,310, 382,6792
3,309, 386,6800
3,308, 389,6808
3,308, 391,6816
3,307, 393,6824
3,306, 391,6904
3,304, 385,6912
3,303, 383,6920
3,301, 380,6928
3,298, 376,6944
3,290, 366,6952
3,287, 361,6968
3,284, 358,6976
3,282, 354,6984
3,281, 353,6992
3,281, 351,7000
3,280, 350,7008
3,280, 349,7016
5,280, 349,7169
5,280, 350,7224
5,280, 351,7232
5,280, 353,7240
5,280, 355,7248
5,280, 357,7256
5,280, 359,7264
5,282, 363,7272
5,282, 364,7288
5,282, 365,7296
5,282, 366,7337
5,282, 367,7344
5,282, 368,7352
5,281, 368,7360
5,281, 369,7376
5,280, 369,7392
5,280, 370,7464
5,280, 372,7472
5,280, 373,7480
5,280, 375,7488
5,280, 378,7496
5,282, 383,7504
5,283, 386,7512
5,285, 391,7520
5,288, 397,7528
5,291, 402,7536
5,295, 407,7544
5,299, 411,7552
5,305, 416,7568
5,320, 422,7576
5,327, 424,7592
5,334, 426,7600
5,341, 426,7608
5,348, 427,7616
5,354, 427,7624
5,358, 427,7632
5,362, 427,7640
5,365, 427,7648
5,367, 427,7656
5,368, 427,7672
5,369, 427,7696
5,370, 427,7704
5,371, 428,7712
5,372, 429,7721
5,374, 429,7728
5,376, 431,7737
5,378, 432,7744
5,380, 434,7752
5,383, 435,7760
5,384, 436,7768
5,386, 437,7776
5,387, 438,7784
5,388, 439,7792
5,389, 439,7800
5,389, 440,7808
5,391, 441,7816
5,391, 442,7824
5,393, 443,7832
5,393, 444,7840
5,394, 444,7848
5,394, 445,7856
5,395, 446,7864
5,396, 446,7872
5,396, 447,7880
5,397, 447,7888
5,398, 447,7904
5,399, 448,7920
</data>

</pull>

<pull>
 <ip>155.41.235.38</ip>
 <referer>http://www.cs.umb.edu/~joecohen/mouse/?name=fartasaurus+maximus+rex</referer>
 <date>Tue May 8 13:11:50 EDT 2012</date>
 <userAgent>Mozilla/5.0 (Windows NT 6.1) AppleWebKit/535.19 (KHTML, like Gecko) Chrome/18.0.1025.168 Safari/535.19</userAgent>
 <userLang>en-US,en;q=0.8</userLang>
 <data>  
8,284, 460,1
8,285, 460,40
8,288, 459,45
8,296, 456,55
8,306, 452,55
8,318, 446,65
8,337, 436,80
8,366, 423,88
8,399, 407,96
8,431, 388,104
8,467, 368,112
8,496, 352,120
8,524, 337,128
8,543, 325,136
8,554, 319,144
8,562, 315,152
8,561, 315,248
8,559, 315,256
8,556, 315,264
8,550, 315,272
8,543, 316,280
8,533, 317,288
8,524, 318,296
8,513, 319,304
8,502, 320,312
8,492, 321,320
8,483, 321,328
8,476, 321,336
8,470, 321,344
8,465, 321,352
8,460, 321,360
8,457, 322,368
8,455, 322,376
8,454, 322,384
8,453, 322,392
8,451, 323,408
8,449, 323,424
8,447, 323,432
8,445, 324,440
8,443, 324,448
8,441, 324,456
8,439, 324,464
8,436, 325,472
8,435, 326,480
8,434, 326,488
8,432, 327,496
8,431, 328,512
8,431, 329,544
8,431, 331,560
8,431, 334,568
8,431, 339,576
8,430, 342,584
8,428, 345,593
8,426, 347,600
8,424, 351,608
8,422, 353,616
8,420, 355,624
8,418, 356,640
8,414, 359,648
8,413, 359,656
8,412, 359,704
8,411, 360,944
8,406, 363,952
6,406, 363,953
6,406, 363,956
6,406, 363,957
6,406, 363,958
6,406, 363,959
6,402, 364,968
6,398, 366,976
6,392, 367,984
6,385, 369,992
6,378, 370,1000
6,368, 371,1008
6,358, 373,1016
6,347, 374,1024
6,335, 374,1032
6,320, 375,1040
6,303, 376,1048
6,286, 378,1056
6,266, 378,1064
6,244, 378,1072
6,224, 378,1080
6,207, 378,1088
6,192, 378,1096
6,179, 378,1104
6,168, 378,1112
6,161, 378,1120
6,155, 378,1128
6,158, 376,1248
6,161, 374,1256
6,163, 374,1264
6,167, 372,1272
6,170, 371,1280
6,175, 369,1288
6,178, 368,1296
6,181, 366,1304
6,185, 364,1312
6,187, 363,1320
6,188, 362,1328
6,189, 361,1336
6,190, 361,1344
6,190, 360,1368
6,190, 359,1384
6,190, 358,1408
6,191, 358,1608
4,191, 358,1609
4,193, 358,1616
4,196, 358,1624
4,199, 357,1632
4,205, 354,1640
4,212, 351,1648
4,229, 344,1656
4,239, 340,1664
4,250, 334,1672
4,265, 325,1680
4,285, 314,1688
4,309, 299,1696
4,334, 282,1712
4,359, 267,1720
4,383, 254,1728
4,402, 244,1736
4,415, 237,1744
4,424, 233,1752
4,430, 229,1760
4,430, 227,1808
4,430, 226,1832
4,429, 226,1944
4,426, 227,1952
4,424, 228,1960
4,421, 231,1968
4,418, 233,1976
4,415, 236,1984
4,410, 239,1992
4,406, 241,2000
4,403, 244,2008
4,399, 247,2016
4,396, 249,2024
4,394, 251,2032
4,393, 251,2048
3,393, 251,2241
3,393, 252,2264
3,391, 253,2272
3,390, 255,2280
3,386, 258,2288
3,383, 262,2296
3,379, 264,2304
3,374, 268,2312
3,369, 272,2320
3,364, 275,2328
3,360, 279,2336
3,354, 284,2344
3,350, 288,2352
3,345, 291,2360
3,341, 295,2368
3,338, 297,2376
3,336, 299,2384
3,335, 300,2392
3,332, 303,2400
3,331, 306,2408
3,330, 308,2416
3,328, 310,2424
3,328, 312,2432
3,326, 315,2440
3,324, 318,2448
3,323, 322,2456
3,322, 325,2464
3,320, 328,2472
3,319, 331,2480
3,318, 332,2488
3,317, 333,2496
3,317, 334,2520
3,317, 335,2528
3,316, 336,2536
3,315, 337,2544
3,315, 339,2552
3,312, 342,2560
3,309, 346,2568
3,307, 348,2576
3,305, 349,2584
3,303, 351,2592
3,303, 352,2600
3,302, 352,2648
3,301, 352,2656
3,300, 352,2680
3,299, 352,2848
3,297, 349,2856
3,295, 346,2864
3,295, 346,2864
3,292, 343,2872
3,288, 338,2880
3,283, 333,2888
3,279, 328,2896
3,274, 321,2904
3,268, 316,2912
3,261, 310,2921
3,254, 303,2928
3,248, 298,2936
3,241, 292,2944
3,235, 285,2952
3,229, 280,2960
3,224, 275,2968
3,219, 271,2976
3,215, 268,2984
3,214, 266,2992
3,213, 266,3000
3,212, 266,3136
3,210, 265,3144
3,209, 264,3152
3,208, 263,3160
3,207, 262,3168
3,205, 261,3176
3,203, 260,3184
3,202, 258,3192
3,199, 258,3200
3,198, 257,3208
3,197, 256,3216
3,195, 256,3224
3,193, 255,3240
3,191, 253,3248
3,189, 253,3256
3,187, 251,3264
3,186, 251,3272
3,185, 249,3288
3,182, 248,3296
1,182, 248,3448
1,183, 247,3528
1,184, 247,3536
1,186, 247,3544
1,188, 246,3552
1,191, 246,3560
1,194, 246,3568
1,198, 245,3576
1,202, 245,3584
1,209, 245,3592
1,214, 245,3600
1,220, 245,3608
1,227, 245,3616
1,232, 245,3624
1,238, 244,3632
1,245, 244,3640
1,251, 243,3648
1,258, 243,3656
1,263, 243,3664
1,269, 243,3672
1,274, 243,3680
1,279, 243,3688
1,282, 243,3704
1,286, 244,3712
1,287, 244,3728
1,288, 244,3736
1,288, 245,3744
1,289, 245,3752
2,289, 245,3984
2,291, 247,4064
2,292, 248,4072
2,295, 251,4080
2,298, 254,4088
2,303, 259,4096
2,308, 264,4104
2,314, 269,4112
2,322, 276,4120
2,330, 282,4128
2,337, 289,4136
2,345, 295,4144
2,351, 302,4152
2,359, 308,4160
2,364, 313,4176
2,377, 328,4184
2,380, 331,4200
2,384, 335,4208
2,384, 336,4216
2,384, 338,4424
2,384, 340,4432
2,384, 343,4440
2,384, 346,4447
2,384, 351,4456
2,384, 356,4464
2,384, 360,4472
2,384, 365,4480
2,385, 370,4487
2,385, 373,4497
2,385, 377,4504
2,386, 382,4512
2,386, 386,4528
2,387, 396,4536
2,387, 400,4552
2,388, 404,4560
2,389, 409,4567
2,390, 412,4576
2,390, 415,4586
2,390, 417,4592
2,390, 420,4600
2,390, 421,4607
2,391, 423,4631
2,391, 424,4648
2,391, 425,4655
2,392, 426,4663
2,392, 427,4671
2,392, 428,4688
2,392, 429,4696
2,392, 430,4703
2,392, 431,4728
2,393, 433,4785
2,393, 434,4800
2,393, 435,4807
2,394, 436,4815
2,394, 437,4824
2,395, 438,4831
2,395, 439,4839
2,395, 440,4847
2,396, 441,4855
</data>

</pull>

<pull>
 <ip>155.41.235.38</ip>
 <referer>http://www.cs.umb.edu/~joecohen/mouse/?name=fartasaurus+maximus+rex</referer>
 <date>Tue May 8 13:12:20 EDT 2012</date>
 <userAgent>Mozilla/5.0 (Windows NT 6.1) AppleWebKit/535.19 (KHTML, like Gecko) Chrome/18.0.1025.168 Safari/535.19</userAgent>
 <userLang>en-US,en;q=0.8</userLang>
 <data>  
8,291, 451,1
8,291, 449,55
8,295, 445,63
8,298, 442,71
8,303, 440,79
8,307, 438,87
8,309, 436,95
8,312, 434,103
8,315, 432,111
8,317, 431,120
8,319, 428,128
8,323, 425,135
8,327, 420,143
8,331, 415,151
8,335, 410,159
8,340, 405,167
8,344, 401,175
8,347, 397,183
8,350, 396,191
8,350, 395,199
8,351, 395,207
8,351, 394,255
8,353, 392,263
8,354, 390,271
8,357, 385,279
8,361, 378,287
8,364, 372,295
8,368, 366,303
8,370, 361,311
8,375, 354,319
8,376, 352,327
8,377, 352,335
8,378, 351,351
8,379, 350,359
8,381, 350,367
8,382, 348,376
8,383, 347,384
8,384, 346,391
8,385, 345,399
8,387, 344,407
8,388, 342,415
8,390, 342,423
8,391, 341,431
8,392, 340,439
8,393, 340,463
8,394, 340,471
8,395, 340,503
8,395, 339,527
8,396, 339,559
8,397, 339,607
6,397, 339,784
6,389, 340,960
6,384, 340,968
6,377, 340,977
6,367, 341,984
6,356, 341,992
6,344, 341,1000
6,333, 341,1016
6,304, 341,1024
6,296, 341,1040
6,288, 341,1048
6,281, 341,1056
6,274, 341,1064
6,271, 340,1072
6,266, 339,1081
6,264, 338,1088
6,261, 335,1096
6,258, 332,1104
6,256, 328,1112
6,255, 324,1120
6,254, 321,1128
6,253, 320,1136
6,253, 319,1144
6,253, 317,1153
6,253, 316,1160
6,253, 315,1168
6,253, 312,1176
6,253, 309,1184
6,253, 305,1192
6,254, 301,1200
6,255, 298,1208
6,256, 293,1216
6,256, 290,1224
6,257, 288,1232
6,258, 287,1240
6,258, 286,1248
6,258, 285,1256
6,259, 285,1259
6,259, 284,1269
6,259, 282,1299
6,260, 282,1309
6,261, 280,1320
6,263, 278,1328
6,265, 277,1336
6,267, 274,1344
6,271, 272,1352
6,275, 269,1361
6,278, 267,1368
6,282, 265,1376
6,284, 263,1384
6,287, 261,1392
6,290, 258,1400
6,293, 256,1408
6,296, 252,1416
6,298, 250,1424
6,300, 248,1432
6,301, 247,1440
6,302, 247,1448
6,302, 246,1456
6,303, 246,1528
6,305, 246,1544
2,305, 246,1665
2,306, 250,1832
2,306, 253,1840
2,306, 256,1848
2,306, 259,1856
2,307, 262,1864
2,308, 266,1872
2,309, 270,1880
2,310, 273,1888
2,311, 279,1896
2,311, 283,1904
2,312, 289,1912
2,313, 295,1920
2,315, 302,1928
2,316, 309,1936
2,318, 315,1944
2,321, 322,1952
2,323, 328,1960
2,325, 334,1968
2,327, 339,1984
2,331, 350,1992
2,331, 353,2008
2,332, 358,2016
2,334, 361,2024
2,336, 364,2032
2,338, 369,2040
2,340, 373,2049
2,344, 376,2056
2,347, 381,2064
2,350, 385,2072
2,355, 388,2080
2,359, 391,2088
2,363, 394,2096
2,366, 397,2104
2,369, 398,2112
2,372, 400,2120
2,373, 401,2128
2,375, 402,2136
2,376, 403,2144
2,378, 404,2152
2,381, 406,2160
2,382, 406,2168
2,384, 408,2176
2,387, 409,2185
2,389, 410,2192
2,391, 411,2200
2,393, 412,2208
2,396, 413,2216
2,397, 414,2224
2,398, 414,2232
2,400, 415,2240
2,401, 415,2248
2,404, 416,2256
2,407, 417,2264
2,411, 419,2272
2,414, 419,2280
2,418, 420,2288
2,422, 421,2296
2,425, 423,2304
2,428, 424,2312
2,431, 424,2320
2,434, 426,2328
2,435, 427,2336
2,436, 427,2344
2,438, 429,2352
2,439, 431,2360
2,439, 434,2368
2,440, 437,2376
2,442, 443,2384
2,444, 448,2392
2,445, 452,2400
2,446, 455,2408
2,447, 458,2416
2,449, 460,2424
2,450, 462,2432
2,451, 464,2440
2,452, 465,2448
2,453, 467,2456
2,455, 469,2464
2,458, 471,2472
2,460, 474,2480
2,463, 476,2488
2,466, 479,2504
2,476, 486,2512
2,481, 487,2528
2,484, 489,2536
2,488, 491,2544
2,492, 491,2552
2,494, 492,2560
2,497, 492,2568
2,499, 492,2576
2,502, 492,2584
2,504, 491,2592
2,507, 490,2600
2,509, 489,2608
2,512, 487,2616
2,515, 485,2624
2,524, 479,2632
2,529, 475,2640
2,533, 470,2648
2,538, 463,2656
2,544, 454,2664
2,549, 443,2672
2,554, 431,2680
2,558, 417,2688
2,563, 403,2696
2,567, 389,2704
2,569, 376,2712
2,571, 365,2721
2,571, 356,2728
2,572, 347,2736
2,572, 342,2744
2,572, 336,2752
2,572, 332,2760
2,570, 326,2776
2,563, 311,2784
2,559, 302,2800
2,552, 291,2808
2,545, 279,2816
2,535, 266,2824
2,523, 251,2832
2,510, 240,2840
2,498, 228,2848
2,486, 220,2856
2,475, 213,2864
2,463, 208,2872
2,453, 203,2880
2,446, 200,2888
2,439, 197,2896
2,434, 195,2904
2,431, 194,2912
2,429, 194,2920
2,428, 193,2928
2,427, 191,2936
2,424, 191,2944
2,423, 191,2952
2,422, 190,2960
2,420, 190,2968
2,419, 189,2976
2,418, 189,2984
2,417, 189,3000
2,416, 189,3024
2,415, 189,3032
2,414, 187,3040
2,413, 187,3048
2,411, 185,3056
2,409, 182,3064
2,404, 177,3072
2,399, 172,3080
2,388, 164,3088
2,384, 160,3096
2,377, 157,3104
2,371, 154,3112
2,364, 151,3128
2,348, 144,3136
2,340, 141,3152
2,334, 138,3160
2,327, 136,3168
2,322, 133,3176
2,318, 131,3185
2,313, 131,3192
2,310, 130,3200
2,306, 129,3209
2,301, 128,3216
2,297, 127,3224
2,291, 127,3232
2,284, 126,3240
2,277, 126,3248
2,269, 125,3256
2,261, 124,3264
2,252, 123,3272
2,244, 122,3280
2,237, 121,3288
2,230, 119,3296
2,223, 118,3304
2,217, 117,3312
2,211, 115,3320
2,204, 114,3328
2,198, 113,3336
2,192, 112,3344
2,187, 111,3352
2,181, 111,3360
2,175, 110,3368
2,170, 109,3376
2,165, 109,3384
2,162, 108,3389
2,160, 108,3399
2,159, 108,3399
2,157, 108,3409
2,156, 108,3432
2,155, 108,3440
2,154, 108,3448
2,152, 108,3456
2,149, 108,3465
2,147, 108,3472
2,144, 108,3480
2,141, 108,3488
2,137, 108,3496
2,133, 108,3504
2,130, 108,3512
2,127, 108,3520
2,124, 108,3528
2,123, 108,3536
2,122, 108,3544
2,121, 108,3552
2,120, 108,3568
2,119, 108,3576
2,119, 107,3584
2,117, 104,3624
2,116, 102,3632
2,114, 99,3648
2,114, 97,3656
2,112, 94,3664
2,110, 89,3672
2,109, 86,3680
2,109, 83,3688
2,109, 80,3696
2,109, 76,3704
2,109, 73,3712
2,109, 71,3721
2,111, 69,3728
2,111, 67,3736
2,113, 65,3744
2,115, 64,3752
2,117, 62,3760
2,119, 61,3768
2,121, 60,3776
2,124, 58,3784
2,127, 57,3792
2,131, 57,3800
2,134, 56,3808
2,140, 55,3816
2,146, 54,3824
2,151, 54,3832
2,158, 53,3840
2,165, 53,3848
2,173, 53,3856
2,180, 53,3864
2,188, 53,3872
2,197, 53,3880
2,205, 54,3888
2,213, 55,3896
2,221, 56,3904
2,228, 57,3912
2,233, 57,3920
2,239, 58,3928
2,243, 58,3936
2,247, 58,3944
2,250, 58,3952
2,254, 58,3960
2,259, 58,3968
2,263, 58,3976
2,268, 58,3984
2,274, 58,3992
2,281, 57,4000
2,288, 56,4008
2,297, 55,4016
2,305, 54,4024
2,312, 54,4040
2,333, 53,4048
2,340, 53,4064
2,347, 53,4072
2,354, 52,4080
2,361, 52,4088
2,368, 51,4096
2,375, 49,4104
2,383, 46,4112
2,391, 44,4120
2,396, 43,4128
2,402, 41,4136
2,405, 41,4144
2,407, 41,4152
2,409, 41,4160
2,410, 41,4168
2,411, 41,4176
2,413, 41,4184
2,415, 41,4192
2,418, 41,4200
2,421, 41,4208
2,425, 40,4216
2,429, 40,4224
2,435, 39,4232
2,440, 38,4240
2,444, 38,4248
2,448, 38,4256
2,451, 37,4264
2,454, 37,4272
2,457, 37,4280
2,461, 37,4288
2,465, 36,4296
2,469, 35,4304
2,472, 35,4312
2,475, 35,4320
2,477, 35,4328
2,480, 34,4336
2,482, 34,4344
2,483, 34,4352
2,485, 34,4360
2,486, 34,4376
2,488, 34,4384
2,489, 34,4392
2,490, 34,4400
2,492, 34,4408
2,496, 34,4416
2,500, 34,4424
2,504, 34,4432
2,508, 34,4440
2,514, 34,4448
2,519, 34,4464
2,531, 33,4472
2,536, 33,4488
2,539, 33,4496
2,543, 33,4504
2,545, 33,4512
2,546, 33,4520
2,547, 33,4528
2,548, 33,4536
2,548, 34,4616
2,548, 35,4624
2,549, 36,4632
2,549, 37,4656
2,548, 38,4664
2,545, 40,4672
2,542, 41,4680
2,535, 43,4688
2,523, 48,4696
2,516, 50,4704
2,506, 52,4712
2,495, 54,4721
2,483, 56,4736
2,465, 58,4745
2,407, 62,4752
2,383, 65,4768
2,357, 67,4776
2,328, 70,4784
2,300, 71,4792
2,274, 73,4800
2,248, 74,4808
2,228, 76,4816
2,210, 77,4824
2,195, 77,4832
2,184, 78,4840
2,175, 78,4848
2,166, 79,4856
2,159, 79,4864
2,152, 80,4872
2,147, 80,4880
2,142, 81,4888
2,138, 81,4896
2,134, 82,4904
2,131, 82,4912
2,127, 82,4920
2,123, 82,4928
2,120, 82,4936
2,118, 82,4944
2,117, 82,4952
2,116, 82,4960
2,112, 82,4968
2,110, 81,4976
2,108, 81,4984
2,104, 80,4992
2,101, 80,5000
2,96, 79,5008
2,92, 79,5016
2,88, 79,5024
2,85, 79,5032
2,82, 78,5040
2,80, 78,5048
2,77, 78,5056
2,75, 78,5064
2,73, 78,5072
2,71, 78,5080
2,68, 78,5088
2,63, 79,5096
2,59, 80,5105
2,56, 81,5112
2,51, 81,5120
2,48, 82,5128
2,46, 82,5136
2,45, 82,5144
2,44, 82,5152
2,43, 82,5160
2,42, 82,5176
2,40, 82,5192
2,39, 82,5208
2,37, 82,5216
2,36, 82,5232
2,34, 82,5240
2,33, 82,5256
2,33, 81,5288
2,35, 81,5384
2,38, 80,5392
2,44, 80,5400
2,48, 80,5408
2,53, 80,5416
2,59, 81,5424
2,64, 82,5432
2,69, 83,5440
2,74, 84,5448
2,80, 85,5456
2,84, 87,5464
2,90, 89,5472
2,95, 92,5480
2,101, 96,5488
2,105, 100,5496
2,117, 109,5504
2,121, 114,5512
2,125, 121,5528
2,129, 127,5536
2,131, 134,5544
2,134, 141,5552
2,136, 148,5560
2,138, 154,5568
2,140, 160,5576
2,141, 166,5584
2,142, 172,5592
2,143, 179,5600
2,143, 186,5608
2,144, 193,5616
2,145, 201,5624
2,145, 209,5632
2,147, 216,5640
2,149, 225,5648
2,151, 233,5656
2,153, 241,5664
2,157, 248,5672
2,159, 254,5680
2,160, 258,5688
2,162, 263,5696
2,164, 269,5704
2,166, 274,5712
2,168, 279,5721
2,171, 284,5728
2,173, 288,5736
2,174, 290,5744
2,175, 292,5752
2,177, 292,5768
2,179, 291,5784
2,181, 288,5792
2,183, 284,5800
2,184, 282,5808
2,185, 279,5816
2,186, 278,5824
2,186, 275,5832
2,187, 273,5840
2,187, 272,5848
2,187, 271,5856
2,187, 269,5864
2,186, 267,5872
2,186, 266,5880
2,185, 265,5888
2,184, 264,5896
2,184, 263,5912
2,183, 263,5936
1,183, 263,6185
1,183, 264,6466
1,183, 266,6472
1,183, 271,6480
1,183, 274,6496
1,183, 277,6504
1,184, 282,6512
1,185, 287,6520
1,185, 293,6528
1,186, 297,6536
1,186, 302,6544
1,186, 306,6552
1,187, 310,6560
1,187, 313,6568
1,187, 317,6576
1,187, 320,6584
1,187, 324,6592
1,187, 327,6600
1,187, 330,6608
1,187, 333,6616
1,187, 336,6624
1,187, 338,6632
1,186, 340,6640
1,185, 343,6648
1,185, 344,6656
1,185, 345,6664
1,185, 346,6688
1,184, 346,6728
1,184, 347,6736
1,184, 348,6752
1,184, 349,6760
4,184, 349,7033
4,184, 350,7152
4,185, 351,7160
4,187, 351,7168
4,188, 352,7176
4,190, 352,7184
4,192, 353,7192
4,194, 353,7200
4,196, 354,7208
4,197, 354,7216
4,200, 355,7224
4,203, 356,7232
4,206, 356,7240
4,210, 356,7248
4,216, 357,7256
4,221, 357,7264
4,227, 357,7272
4,233, 357,7280
4,238, 357,7288
4,245, 357,7296
4,252, 357,7304
4,259, 357,7312
4,267, 357,7320
4,274, 356,7328
4,281, 355,7336
4,287, 354,7344
4,291, 354,7352
4,295, 353,7360
4,296, 353,7368
4,297, 353,7376
4,298, 352,7424
4,302, 347,7432
4,306, 342,7440
4,311, 336,7448
4,316, 329,7456
4,322, 320,7472
4,330, 313,7480
4,345, 301,7488
4,350, 297,7496
4,356, 294,7504
4,362, 293,7512
4,368, 291,7520
4,373, 289,7528
4,379, 287,7537
4,385, 285,7544
4,389, 283,7552
4,394, 280,7560
4,399, 277,7568
4,401, 275,7576
4,403, 272,7584
4,406, 269,7592
4,408, 267,7600
4,409, 266,7608
4,409, 265,7616
4,409, 264,7632
4,410, 264,7640
4,410, 263,7656
4,410, 262,7664
4,410, 261,7680
4,410, 260,7696
4,411, 259,7712
4,411, 258,7721
4,411, 257,7736
4,411, 256,7760
3,411, 256,8050
3,409, 258,8344
3,406, 260,8352
3,404, 263,8360
3,402, 265,8368
3,398, 268,8376
3,396, 271,8384
3,392, 275,8392
3,388, 280,8400
3,384, 283,8408
3,380, 288,8416
3,377, 292,8424
3,374, 296,8432
3,371, 298,8440
3,369, 302,8448
3,367, 305,8456
3,365, 308,8464
3,364, 311,8472
3,363, 313,8480
3,362, 315,8488
3,361, 318,8496
3,359, 321,8504
3,358, 323,8512
3,356, 325,8520
3,356, 327,8528
3,354, 329,8536
3,353, 330,8544
3,352, 333,8552
3,350, 334,8560
3,349, 336,8568
3,347, 339,8576
3,347, 340,8584
3,346, 341,8592
3,345, 343,8600
3,343, 345,8616
3,342, 347,8624
3,340, 349,8632
3,338, 351,8640
3,336, 352,8648
3,334, 354,8656
3,333, 355,8664
3,331, 355,8672
3,329, 355,8688
3,328, 356,8696
3,326, 357,8704
3,325, 357,8712
3,324, 357,8721
3,321, 358,8728
3,319, 358,8736
3,318, 359,8744
3,316, 359,8753
3,315, 359,8760
3,314, 359,8776
3,313, 359,8784
3,312, 359,8808
3,311, 359,8824
3,310, 359,8832
3,309, 359,8856
3,308, 359,8928
3,307, 358,8952
3,306, 358,8976
5,306, 358,9193
5,305, 358,9560
5,304, 359,9568
5,302, 360,9576
5,302, 361,9584
5,301, 364,9592
5,300, 365,9600
5,299, 368,9608
5,299, 370,9616
5,298, 373,9624
5,297, 375,9632
5,296, 378,9640
5,295, 381,9648
5,294, 385,9656
5,294, 389,9664
5,293, 392,9672
5,293, 396,9680
5,292, 398,9688
5,292, 400,9696
5,292, 401,9704
5,292, 402,9712
5,292, 404,9721
5,292, 405,9728
5,292, 406,9736
5,292, 408,9744
5,292, 411,9752
5,293, 414,9760
5,293, 417,9768
5,293, 417,9770
5,293, 417,9771
5,293, 417,9772
5,293, 417,9773
5,293, 419,9776
5,294, 421,9784
5,294, 424,9792
5,294, 426,9800
5,294, 427,9808
5,294, 428,9816
5,294, 429,9824
5,294, 431,9840
5,294, 432,9856
5,294, 434,9864
5,294, 435,9872
5,294, 436,9880
5,294, 438,9888
5,295, 439,9896
5,295, 440,9904
5,295, 441,9912
5,295, 442,9920
5,295, 443,9952
5,295, 444,10000
5,295, 445,10008
8,295, 445,10329
8,299, 445,10456
8,301, 445,10464
8,304, 445,10472
8,308, 445,10480
8,313, 445,10488
8,317, 445,10496
8,321, 445,10504
8,327, 445,10512
8,331, 446,10520
8,337, 446,10528
8,341, 446,10536
8,345, 446,10544
8,348, 446,10552
8,351, 446,10560
8,353, 446,10568
8,354, 446,10576
8,355, 446,10584
8,356, 446,10680
8,357, 447,10688
8,358, 447,10696
8,359, 447,10721
8,360, 447,10744
8,362, 447,10760
8,363, 447,10776
8,364, 447,10784
8,365, 447,10792
8,367, 447,10800
8,369, 447,10808
8,371, 447,10816
8,374, 447,10824
8,376, 447,10832
8,378, 447,10840
8,379, 447,10848
8,380, 447,10856
8,382, 447,10864
8,383, 447,10880
8,385, 447,10888
8,386, 447,10896
8,387, 447,10904
8,388, 447,10912
8,389, 447,10920
8,390, 447,10928
8,391, 447,10936
8,392, 447,10952
8,393, 447,10968
8,394, 447,10984
8,395, 447,11048
8,396, 448,11056
8,397, 448,11072
8,398, 448,11088
8,399, 449,11104
8,400, 449,11112
8,401, 448,11192
8,402, 444,11200
8,402, 438,11208
8,402, 432,11216
8,402, 427,11224
8,402, 421,11232
8,402, 417,11240
8,403, 413,11248
8,403, 410,11256
8,403, 408,11264
8,403, 407,11272
8,403, 404,11280
8,403, 400,11288
8,401, 395,11296
8,399, 389,11304
8,398, 382,11312
8,397, 375,11320
8,395, 370,11328
8,394, 366,11336
8,394, 363,11344
8,393, 360,11352
8,393, 359,11360
8,392, 358,11384
8,392, 356,11400
8,392, 355,11408
8,392, 354,11424
8,392, 353,11432
8,392, 352,11448
8,392, 350,11480
8,392, 349,11488
8,392, 348,11496
8,392, 346,11504
8,392, 345,11512
8,392, 344,11520
6,392, 344,11738
6,385, 346,12184
6,381, 347,12192
6,376, 347,12200
6,371, 348,12208
6,365, 348,12216
6,360, 348,12224
6,353, 348,12232
6,346, 348,12240
6,338, 348,12248
6,329, 348,12264
6,305, 348,12272
6,295, 348,12288
6,287, 348,12296
6,276, 348,12304
6,266, 348,12312
6,258, 347,12320
6,248, 346,12328
6,241, 345,12336
6,234, 344,12344
6,230, 343,12352
6,225, 343,12360
6,221, 343,12368
6,218, 343,12376
6,216, 343,12384
6,213, 343,12392
6,210, 343,12400
6,208, 343,12408
6,205, 343,12416
6,204, 343,12424
6,203, 343,12432
6,201, 343,12440
6,198, 343,12448
6,196, 343,12456
6,193, 343,12464
6,191, 343,12472
6,189, 343,12480
6,188, 343,12488
6,187, 343,12496
6,186, 343,12504
4,186, 343,12833
4,187, 343,13176
4,190, 341,13184
4,198, 339,13192
4,203, 337,13200
4,209, 334,13208
4,215, 332,13216
4,222, 329,13224
4,230, 325,13232
4,237, 322,13240
4,244, 318,13248
4,249, 316,13256
4,252, 314,13264
4,256, 312,13272
4,256, 311,13352
4,256, 309,13360
4,256, 306,13368
4,256, 304,13376
4,256, 301,13384
4,257, 298,13392
4,257, 295,13400
4,258, 291,13408
4,260, 289,13416
4,261, 286,13424
4,264, 284,13432
4,265, 281,13440
4,268, 279,13448
4,269, 276,13456
4,271, 274,13464
4,272, 273,13472
4,272, 272,13480
4,273, 272,13488
4,274, 272,13504
4,275, 272,13512
4,277, 272,13520
4,278, 272,13528
4,279, 273,13536
4,281, 274,13544
4,283, 275,13552
4,284, 275,13560
4,285, 277,13568
4,287, 277,13576
4,287, 279,13584
4,288, 281,13592
4,289, 285,13600
4,290, 291,13608
4,292, 297,13616
4,294, 303,13624
4,297, 310,13632
4,298, 312,13640
4,301, 313,13656
4,303, 314,13664
4,304, 314,13672
4,305, 314,13680
4,309, 314,13689
4,309, 313,13696
4,311, 312,13704
4,311, 311,13712
4,311, 312,13768
4,311, 313,13776
4,311, 314,13784
4,311, 315,13800
4,312, 316,13816
4,313, 316,13824
4,315, 316,13832
4,320, 314,13840
4,327, 311,13848
4,334, 308,13856
4,342, 303,13864
4,349, 298,13871
4,358, 293,13879
4,364, 288,13888
4,370, 285,13895
4,374, 283,13903
4,377, 281,13912
4,381, 279,13919
4,383, 278,13927
4,386, 276,13935
4,390, 274,13944
4,392, 271,13953
4,396, 268,13960
4,398, 266,13968
4,401, 264,13976
4,402, 261,13983
4,404, 260,13992
4,404, 259,14000
4,405, 259,14007
4,405, 258,14072
4,405, 257,14095
3,405, 257,14241
3,405, 256,14248
3,405, 255,14384
3,405, 253,14391
3,405, 252,14407
3,404, 252,14423
3,404, 251,14504
3,404, 250,14512
3,404, 250,14673
3,403, 251,14944
3,403, 253,14951
3,401, 255,14959
3,399, 257,14967
3,396, 261,14975
3,394, 263,14983
3,391, 267,14991
3,389, 269,14999
3,387, 270,15008
3,385, 273,15016
3,383, 274,15024
3,382, 276,15031
3,380, 277,15039
3,379, 279,15047
3,377, 282,15055
3,376, 283,15064
3,375, 284,15071
3,375, 285,15079
3,374, 287,15087
3,373, 287,15095
3,373, 288,15103
3,371, 290,15111
3,370, 291,15119
3,367, 295,15127
3,364, 298,15135
3,359, 303,15143
3,354, 307,15151
3,347, 314,15159
3,341, 320,15167
3,335, 324,15175
3,331, 328,15183
3,328, 331,15191
3,326, 332,15199
3,325, 333,15207
3,324, 333,15215
3,324, 334,15223
3,322, 335,15231
3,321, 337,15239
3,318, 339,15247
3,317, 344,15256
3,314, 347,15264
3,312, 352,15271
3,309, 358,15279
3,308, 362,15287
3,306, 366,15295
3,306, 369,15303
3,306, 370,15319
3,306, 372,15328
3,306, 374,15343
3,306, 375,15351
3,306, 376,15359
3,306, 378,15367
3,306, 382,15375
3,306, 385,15383
3,308, 389,15391
3,310, 393,15399
3,312, 396,15407
3,314, 398,15415
3,315, 401,15423
3,317, 402,15431
3,318, 403,15439
3,318, 405,15471
3,318, 408,15479
3,318, 411,15487
3,316, 416,15495
3,314, 419,15503
3,312, 423,15511
3,311, 426,15519
3,309, 428,15528
3,308, 429,15544
3,307, 429,15559
3,306, 430,15567
3,305, 431,15575
3,304, 433,15592
3,303, 433,15599
3,303, 434,15607
3,303, 436,15615
3,302, 436,15623
3,302, 437,15639
3,302, 438,15671
3,301, 439,15679
3,301, 440,15687
3,301, 440,15693
3,301, 440,15695
3,301, 440,15695
3,300, 441,15695
3,300, 442,15703
3,300, 442,15724
8,300, 442,15856
8,300, 444,15920
8,300, 446,15927
8,300, 447,15943
8,300, 448,15959
8,300, 449,15999
8,300, 451,16015
8,300, 453,16031
8,300, 454,16039
8,300, 457,16048
8,300, 458,16055
8,300, 460,16063
8,299, 462,16071
8,299, 465,16079
8,298, 467,16087
8,298, 468,16095
8,297, 469,16103
8,297, 470,16183
8,297, 471,16191
8,297, 472,16208
8,296, 470,16280
8,294, 469,16287
8,292, 466,16295
8,289, 463,16303
8,285, 459,16311
8,282, 455,16319
8,278, 452,16327
8,273, 448,16335
8,268, 443,16344
8,260, 437,16351
8,254, 433,16359
8,247, 428,16367
8,239, 422,16375
8,233, 417,16383
8,228, 413,16391
8,223, 408,16399
8,219, 406,16415
8,213, 398,16423
8,210, 394,16439
8,210, 392,16447
8,207, 389,16455
8,205, 386,16463
8,204, 385,16471
8,202, 382,16479
8,201, 379,16487
8,198, 376,16495
8,197, 373,16511
8,191, 364,16520
8,188, 360,16535
8,187, 358,16543
8,185, 355,16551
8,184, 353,16560
8,183, 350,16568
8,182, 348,16575
8,182, 346,16583
8,181, 344,16591
8,181, 341,16599
8,180, 338,16607
8,178, 330,16616
8,177, 325,16623
8,176, 321,16631
8,175, 318,16639
8,175, 315,16647
8,175, 312,16655
8,175, 309,16663
8,175, 307,16671
8,175, 306,16679
8,175, 305,16687
8,175, 303,16695
8,175, 301,16703
8,176, 299,16711
8,177, 295,16721
8,179, 291,16727
8,181, 287,16735
8,183, 285,16743
8,183, 283,16751
8,185, 282,16759
8,186, 282,16767
8,189, 282,16775
8,194, 285,16783
8,199, 289,16799
8,207, 299,16807
8,209, 303,16815
8,211, 307,16831
8,212, 310,16839
8,213, 314,16847
8,214, 317,16855
8,214, 321,16863
8,215, 327,16871
8,217, 333,16879
8,219, 345,16887
8,221, 350,16895
8,222, 355,16903
8,223, 360,16911
8,223, 363,16919
8,224, 365,16927
8,224, 366,16935
8,224, 367,16951
8,223, 368,16959
8,222, 370,16967
8,219, 372,16975
8,218, 374,16983
8,216, 376,16991
8,214, 378,16999
8,213, 380,17007
8,213, 383,17015
8,213, 386,17023
8,215, 388,17031
8,219, 391,17039
8,222, 392,17047
8,228, 393,17055
8,235, 393,17063
8,243, 393,17072
8,249, 393,17080
8,257, 392,17087
8,267, 390,17095
8,278, 386,17103
8,291, 380,17111
8,304, 374,17119
8,316, 368,17128
8,329, 364,17136
8,340, 359,17143
8,349, 355,17151
8,357, 353,17159
8,363, 351,17167
8,367, 349,17175
8,368, 349,17183
8,369, 349,17191
8,370, 349,17199
8,372, 348,17215
8,372, 347,17223
8,374, 346,17231
8,374, 345,17239
8,374, 344,17255
8,375, 344,17263
8,376, 343,17279
8,377, 343,17287
8,378, 342,17295
8,379, 342,17303
8,381, 341,17311
8,383, 341,17320
8,384, 340,17327
8,385, 340,17335
8,386, 340,17343
8,387, 340,17351
8,388, 340,17415
8,390, 340,17423
8,391, 340,17431
8,393, 341,17439
8,395, 342,17447
8,396, 344,17455
8,399, 346,17463
8,401, 348,17471
8,402, 349,17479
8,404, 350,17487
8,405, 351,17495
8,407, 352,17511
8,408, 353,17519
6,408, 353,17728
6,408, 354,17847
6,408, 356,17855
6,408, 357,17863
6,408, 359,17879
6,405, 367,17887
6,402, 371,17903
6,399, 375,17912
6,396, 379,17919
6,393, 383,17927
6,389, 386,17935
6,385, 389,17944
6,383, 391,17951
6,381, 393,17959
6,380, 394,18015
6,379, 396,18023
6,376, 398,18031
6,372, 400,18039
6,367, 403,18047
6,362, 405,18055
6,355, 408,18063
6,349, 410,18071
6,343, 412,18079
6,337, 414,18087
6,334, 415,18095
6,332, 415,18104
6,330, 415,18111
6,329, 415,18119
6,328, 415,18127
6,327, 415,18183
6,325, 417,18191
6,324, 418,18199
6,321, 420,18207
6,318, 421,18215
6,315, 423,18223
6,310, 425,18231
6,305, 428,18240
6,302, 430,18247
6,297, 433,18256
6,293, 436,18263
6,291, 437,18271
6,290, 438,18279
6,289, 439,18287
6,288, 441,18295
6,287, 442,18303
6,286, 445,18311
6,285, 446,18319
6,285, 448,18327
6,284, 450,18335
6,284, 452,18343
6,283, 452,18351
6,283, 453,18359
6,283, 454,18511
8,283, 454,18577
8,285, 455,18744
8,287, 455,18752
8,291, 455,18760
8,296, 455,18776
8,314, 447,18784
8,322, 443,18801
8,331, 438,18808
8,339, 432,18816
8,350, 425,18824
8,359, 416,18832
8,369, 407,18840
8,389, 391,18848
8,395, 386,18856
8,400, 382,18864
8,402, 379,18872
8,403, 378,18880
8,404, 377,18888
8,405, 374,18896
8,406, 371,18904
8,407, 369,18912
8,409, 365,18920
8,409, 361,18928
8,411, 357,18936
8,412, 354,18945
8,413, 351,18952
8,414, 348,18960
8,414, 346,18968
8,415, 344,18976
8,416, 342,18984
8,417, 339,18992
8,417, 338,19000
8,418, 336,19008
8,419, 335,19024
8,419, 334,19040
8,420, 333,19048
8,421, 333,19056
8,422, 332,19064
8,423, 332,19080
8,422, 333,19168
8,421, 334,19176
8,419, 335,19184
8,415, 336,19192
8,411, 337,19200
8,408, 339,19208
8,405, 340,19216
8,401, 341,19224
8,399, 341,19232
8,398, 341,19240
8,398, 343,19344
8,397, 345,19352
8,396, 347,19360
8,393, 348,19368
8,391, 350,19376
8,389, 351,19384
8,387, 351,19392
8,385, 352,19400
8,384, 352,19408
8,383, 352,19416
8,384, 352,19512
8,389, 352,19520
8,390, 352,19528
8,391, 352,19536
8,392, 352,19544
8,393, 352,19560
8,395, 353,19568
8,395, 354,19592
8,395, 355,19600
6,395, 355,19865
6,394, 355,19888
6,391, 355,19896
6,388, 355,19904
6,383, 355,19912
6,377, 355,19920
6,370, 355,19928
6,364, 355,19936
6,355, 355,19945
6,348, 355,19952
6,340, 355,19960
6,333, 354,19968
6,326, 353,19976
6,320, 352,19984
6,314, 351,20000
6,302, 349,20008
6,296, 348,20024
6,292, 347,20032
6,287, 346,20040
6,283, 346,20048
6,279, 346,20056
6,275, 346,20064
6,271, 346,20072
6,266, 346,20080
6,264, 346,20088
6,261, 346,20096
6,259, 346,20104
6,257, 346,20120
6,255, 346,20128
6,254, 346,20136
6,252, 346,20144
6,250, 346,20152
6,248, 346,20160
6,245, 346,20168
6,242, 346,20176
6,239, 346,20184
6,236, 345,20192
6,234, 345,20200
6,232, 344,20208
6,230, 344,20216
6,229, 344,20224
6,228, 344,20232
6,225, 344,20240
6,221, 344,20248
6,217, 344,20256
6,212, 346,20264
6,208, 348,20272
6,203, 348,20280
6,199, 349,20288
6,194, 350,20296
6,192, 350,20304
6,189, 350,20312
6,188, 350,20320
6,187, 350,20328
4,187, 350,20553
4,188, 350,20840
4,190, 350,20848
4,192, 350,20856
4,195, 350,20864
4,199, 351,20872
4,202, 353,20880
4,207, 355,20888
4,213, 357,20896
4,217, 360,20904
4,223, 363,20912
4,231, 366,20920
4,237, 370,20928
4,243, 375,20936
4,251, 379,20944
4,257, 385,20952
4,263, 389,20960
4,268, 393,20968
4,273, 395,20976
4,275, 397,20984
4,277, 399,20992
4,278, 399,21000
4,278, 400,21024
4,278, 401,21032
4,278, 402,21040
4,278, 404,21048
4,278, 407,21056
4,278, 409,21064
4,278, 411,21072
4,278, 414,21080
4,278, 416,21088
4,278, 418,21096
4,278, 421,21104
4,278, 423,21112
4,277, 425,21120
4,275, 430,21128
4,274, 433,21136
4,273, 436,21144
4,272, 439,21152
4,272, 441,21160
4,272, 443,21168
4,272, 444,21184
4,272, 445,21216
4,272, 446,21232
4,272, 447,21248
4,273, 447,21272
4,274, 447,21280
4,274, 448,21288
4,275, 449,21312
4,275, 450,21360
8,275, 450,21489
8,276, 450,21536
8,279, 445,21544
8,281, 443,21552
8,283, 441,21560
8,287, 438,21568
8,294, 432,21577
8,304, 425,21584
8,314, 416,21592
8,328, 404,21600
8,341, 393,21608
8,353, 382,21616
8,364, 372,21624
8,373, 365,21632
8,378, 358,21640
8,383, 354,21648
8,383, 353,21656
8,383, 352,21664
8,383, 349,21672
8,383, 347,21680
8,383, 346,21688
8,383, 345,21696
8,383, 344,21704
8,383, 343,21712
8,385, 343,21816
8,388, 344,21824
8,389, 345,21832
8,391, 345,21840
8,393, 345,21848
8,395, 346,21856
8,397, 346,21864
8,398, 346,21872
8,399, 346,21880
8,400, 346,21888
6,400, 346,22073
6,399, 346,22096
6,397, 346,22104
6,395, 346,22112
6,394, 348,22120
6,393, 349,22128
6,393, 350,22136
6,392, 353,22144
6,392, 355,22152
6,390, 358,22160
6,386, 365,22168
6,384, 370,22176
6,381, 375,22185
6,377, 380,22192
6,373, 385,22200
6,369, 388,22216
6,357, 399,22224
6,351, 403,22238
6,344, 407,22248
6,336, 411,22248
6,329, 414,22264
6,321, 417,22272
6,312, 420,22280
6,305, 422,22288
6,297, 426,22296
6,290, 429,22304
6,285, 431,22312
6,282, 432,22320
6,279, 434,22328
6,279, 435,22344
6,279, 436,22352
6,279, 437,22360
6,279, 438,22368
6,279, 440,22376
6,279, 441,22384
6,278, 443,22392
6,278, 445,22400
6,278, 446,22408
6,278, 447,22464
6,278, 448,22472
6,278, 450,22480
6,277, 451,22488
6,277, 452,22496
6,277, 453,22504
8,277, 453,22705
8,279, 453,22768
8,282, 453,22776
8,283, 453,22784
8,284, 453,22793
8,285, 453,22800
8,286, 453,22816
8,287, 454,22912
8,288, 454,22920
8,289, 455,22928
8,290, 455,22936
8,292, 458,22945
8,294, 460,22952
8,297, 462,22960
8,299, 466,22968
8,301, 471,22976
8,302, 473,22984
8,303, 475,22992
8,303, 476,23000
8,303, 477,23008
8,303, 479,23016
8,303, 483,23024
8,301, 487,23032
8,300, 489,23040
8,298, 492,23048
8,296, 495,23056
8,294, 497,23064
8,293, 499,23072
8,291, 501,23080
8,290, 503,23088
8,289, 503,23096
8,288, 503,23104
8,287, 504,23112
8,286, 505,23144
8,285, 506,23152
8,282, 509,23160
8,281, 511,23168
8,279, 513,23176
8,278, 516,23184
8,276, 519,23192
8,274, 522,23200
8,273, 524,23208
8,271, 527,23216
8,271, 529,23224
8,270, 530,23232
8,269, 530,23241
8,269, 531,23352
8,269, 532,23360
8,269, 533,23368
8,269, 534,23392
8,270, 534,23568
8,270, 532,23576
8,271, 531,23584
8,272, 529,23592
8,272, 528,23600
8,272, 527,23608
8,272, 526,23616
8,273, 525,23640
8,273, 524,23648
8,274, 523,23656
8,275, 523,23664
8,275, 522,23672
8,275, 521,23752
8,277, 521,23760
8,276, 519,23920
8,275, 518,23928
8,273, 516,23936
8,271, 513,23945
8,268, 511,23952
8,267, 509,23960
8,265, 505,23968
8,264, 504,23976
8,263, 502,23984
8,262, 502,23992
8,259, 503,24016
8,257, 504,24024
8,257, 506,24946
8,258, 507,24952
8,259, 508,24960
8,262, 507,24992
8,267, 503,25000
8,272, 500,25008
8,278, 496,25016
8,287, 490,25024
8,296, 485,25032
8,306, 479,25040
8,316, 474,25048
8,325, 469,25056
8,331, 466,25064
8,334, 465,25072
8,334, 463,25080
8,331, 462,25088
8,330, 462,25096
8,328, 461,25104
8,327, 461,25112
8,325, 460,25120
8,323, 460,25128
8,324, 460,25904
8,327, 460,25912
8,330, 460,25920
8,334, 460,25928
8,339, 460,25936
8,343, 460,25945
8,347, 461,25952
8,351, 462,25960
8,353, 462,25969
8,355, 462,25976
8,357, 462,25992
8,358, 462,26008
8,359, 462,26024
8,360, 461,26032
8,362, 461,26040
8,364, 460,26056
8,365, 459,26064
8,366, 459,26072
8,369, 458,26080
8,370, 458,26088
8,371, 457,26096
8,373, 456,26104
8,375, 455,26120
8,376, 455,26256
8,378, 455,26272
8,379, 455,26288
8,380, 455,26312
8,381, 455,26320
8,383, 454,26328
8,385, 454,26336
8,388, 453,26344
8,391, 452,26352
8,392, 452,26361
8,393, 452,26376
8,394, 452,26384
</data>

</pull>

<pull>
 <ip>155.41.235.38</ip>
 <referer>http://www.cs.umb.edu/~joecohen/mouse/?name=fartasaurus+maximus+rex</referer>
 <date>Tue May 8 13:12:53 EDT 2012</date>
 <userAgent>Mozilla/5.0 (Windows NT 6.1) AppleWebKit/535.19 (KHTML, like Gecko) Chrome/18.0.1025.168 Safari/535.19</userAgent>
 <userLang>en-US,en;q=0.8</userLang>
 <data>  
8,306, 448,1
8,307, 447,739
8,311, 445,747
8,317, 439,755
8,325, 432,763
8,334, 424,771
8,344, 416,779
8,354, 407,787
8,363, 399,795
8,374, 391,803
8,383, 383,811
8,390, 377,819
8,398, 369,827
8,404, 361,835
8,410, 355,843
8,413, 351,851
8,415, 349,859
8,415, 348,867
8,416, 347,1027
8,417, 346,1035
6,417, 346,1188
6,416, 346,1227
6,415, 346,1235
6,414, 346,1251
6,413, 346,1259
6,412, 347,1267
6,409, 348,1275
6,406, 349,1283
6,398, 352,1291
6,392, 354,1299
6,384, 357,1307
6,376, 361,1315
6,370, 364,1323
6,364, 367,1331
6,359, 369,1339
6,357, 369,1347
6,354, 369,1379
6,352, 366,1387
6,351, 366,1395
6,347, 364,1403
6,343, 363,1411
6,337, 362,1419
6,329, 362,1427
6,321, 362,1435
6,310, 362,1443
6,298, 362,1450
6,287, 362,1458
6,277, 362,1467
6,269, 362,1475
6,264, 362,1482
6,259, 362,1490
6,255, 362,1498
6,251, 361,1506
6,246, 361,1514
6,239, 358,1523
6,229, 357,1531
6,220, 357,1539
6,208, 357,1547
6,197, 357,1555
6,187, 357,1563
6,179, 357,1570
6,173, 357,1578
6,169, 357,1586
6,170, 357,1619
6,173, 357,1627
6,176, 357,1635
6,178, 358,1645
6,181, 358,1651
6,182, 358,1659
6,183, 359,1666
6,184, 359,1674
6,185, 359,1682
6,186, 359,1698
6,188, 360,1706
6,190, 360,1715
6,191, 361,1723
6,193, 361,1730
4,193, 361,1932
4,194, 361,2147
4,200, 361,2154
4,202, 360,2162
4,205, 359,2170
4,210, 358,2179
4,214, 357,2186
4,220, 355,2194
4,228, 353,2202
4,238, 351,2210
4,251, 347,2218
4,265, 341,2226
4,284, 330,2234
4,300, 323,2242
4,316, 313,2250
4,330, 304,2258
4,341, 297,2266
4,350, 292,2274
4,356, 288,2282
4,360, 285,2290
4,361, 284,2306
4,362, 282,2314
4,363, 280,2322
4,366, 276,2330
4,370, 271,2338
4,373, 266,2346
4,377, 261,2354
4,378, 259,2362
4,378, 257,2370
4,378, 256,2378
4,379, 256,2523
4,381, 256,2538
4,382, 256,2547
4,383, 256,2555
4,386, 255,2562
4,391, 255,2570
4,397, 253,2578
4,401, 252,2586
4,405, 252,2594
4,408, 252,2602
4,411, 252,2610
4,412, 251,2618
4,413, 251,2626
4,413, 250,2642
3,413, 250,2811
3,409, 254,2818
3,406, 258,2826
3,400, 263,2834
3,394, 269,2842
3,387, 276,2851
3,381, 281,2858
3,376, 287,2866
3,369, 294,2874
3,360, 300,2882
3,352, 307,2890
3,346, 313,2898
3,340, 317,2906
3,335, 321,2914
3,332, 324,2922
3,331, 325,2930
3,329, 327,2938
3,328, 328,2954
3,328, 329,2962
3,328, 330,2970
3,328, 331,2986
3,328, 332,2994
3,327, 332,3002
3,327, 333,3027
3,326, 333,3058
3,326, 334,3066
3,326, 335,3074
3,325, 336,3082
3,324, 337,3090
3,324, 339,3098
3,322, 342,3106
3,321, 343,3114
3,321, 345,3122
3,320, 347,3130
3,319, 348,3202
3,318, 349,3210
3,317, 351,3227
3,315, 353,3235
3,314, 354,3250
3,313, 354,3258
3,312, 354,3274
3,311, 354,3282
3,311, 355,3290
3,310, 355,3298
3,309, 355,3314
3,308, 355,3322
3,307, 356,3338
3,306, 356,3354
3,306, 357,3370
5,306, 357,3475
5,305, 357,3490
5,304, 358,3498
5,303, 359,3506
5,301, 361,3514
5,300, 363,3523
5,297, 366,3530
5,294, 371,3539
5,293, 376,3547
5,290, 381,3554
5,288, 385,3562
5,285, 391,3570
5,283, 397,3578
5,281, 403,3586
5,280, 412,3594
5,279, 419,3602
5,278, 424,3610
5,278, 430,3618
5,278, 435,3627
5,278, 440,3634
5,278, 442,3642
5,278, 444,3650
5,278, 445,3658
5,278, 446,3666
5,278, 447,3674
5,278, 449,3682
5,279, 451,3690
5,280, 453,3698
5,280, 455,3706
5,281, 458,3714
5,281, 460,3722
5,282, 462,3730
5,282, 463,3738
5,282, 464,3746
5,282, 465,3755
5,282, 466,3770
5,283, 466,3786
5,283, 467,3794
5,284, 467,3834
5,285, 467,3850
5,286, 467,3866
5,287, 467,3890
5,288, 467,3914
5,289, 467,3970
5,290, 466,3978
5,290, 465,3986
5,290, 463,4010
5,290, 462,4018
5,290, 461,4043
5,290, 460,4050
5,291, 459,4066
8,291, 459,4251
8,292, 460,4402
8,292, 461,4410
8,293, 461,4442
8,294, 461,4450
8,295, 461,4458
8,297, 461,4466
8,298, 460,4474
8,300, 458,4482
8,302, 456,4490
8,304, 453,4498
8,308, 449,4506
8,313, 443,4514
8,319, 437,4523
8,324, 429,4530
8,329, 421,4538
8,335, 412,4546
8,339, 404,4555
8,343, 396,4562
8,347, 387,4570
8,349, 379,4578
8,351, 371,4586
8,352, 366,4594
8,353, 362,4602
8,353, 359,4610
8,354, 359,4626
8,357, 358,4634
8,359, 358,4642
8,361, 358,4650
8,364, 358,4658
8,366, 358,4666
8,368, 358,4674
8,369, 358,4738
8,371, 359,4755
8,374, 360,4762
8,375, 362,4770
8,377, 363,4778
8,378, 363,4794
8,379, 363,4802
8,380, 363,4810
8,382, 363,4819
8,385, 363,4827
8,391, 363,4834
8,398, 362,4842
8,405, 360,4850
8,411, 357,4858
8,414, 355,4874
8,423, 352,4882
8,424, 351,4890
8,424, 350,4898
8,424, 349,4922
8,423, 348,4946
8,422, 348,4970
8,421, 348,4978
8,420, 348,5002
6,420, 348,5092
6,419, 349,5098
6,418, 350,5130
6,416, 351,5138
6,413, 351,5146
6,410, 351,5154
6,407, 351,5162
6,402, 351,5170
6,395, 351,5178
6,387, 351,5186
6,377, 352,5195
6,368, 352,5202
6,358, 352,5210
6,347, 352,5218
6,339, 352,5226
6,329, 352,5234
6,323, 352,5242
6,314, 352,5251
6,307, 352,5258
6,301, 352,5266
6,294, 352,5274
6,287, 352,5282
6,280, 352,5290
6,274, 353,5298
6,268, 354,5307
6,263, 355,5314
6,259, 356,5322
6,256, 356,5330
6,255, 357,5362
6,254, 357,5378
6,253, 357,5386
6,251, 359,5394
6,248, 360,5402
6,245, 361,5410
6,241, 363,5418
6,239, 364,5426
6,236, 365,5434
6,234, 365,5442
6,231, 365,5450
6,230, 366,5458
6,229, 366,5466
6,228, 366,5474
6,227, 366,5482
6,226, 366,5490
6,224, 367,5498
6,223, 367,5506
6,222, 367,5514
6,220, 367,5522
6,218, 367,5538
6,216, 367,5546
6,214, 367,5554
6,213, 367,5562
6,211, 367,5570
6,209, 367,5579
6,208, 367,5594
6,205, 367,5603
6,203, 367,5618
6,201, 366,5626
6,200, 366,5634
6,198, 365,5642
6,196, 365,5650
6,194, 365,5658
6,193, 365,5666
6,192, 365,5674
6,191, 365,5682
6,190, 365,5690
6,190, 364,5698
4,190, 364,5852
4,191, 364,5890
4,193, 364,5898
4,195, 364,5906
4,198, 364,5914
4,201, 363,5922
4,207, 361,5931
4,213, 359,5938
4,220, 356,5946
4,227, 353,5954
4,236, 350,5962
4,244, 347,5970
4,253, 342,5978
4,260, 339,5986
4,268, 335,5994
4,275, 332,6003
4,281, 329,6010
4,285, 326,6018
4,287, 325,6026
4,288, 324,6034
4,289, 323,6042
4,290, 322,6058
4,290, 324,6139
4,288, 329,6147
4,285, 332,6156
4,283, 335,6164
4,281, 339,6171
4,279, 341,6179
4,279, 342,6187
4,279, 343,6203
4,280, 344,6219
4,281, 344,6227
4,284, 344,6235
4,286, 345,6243
4,289, 346,6251
4,292, 346,6259
4,295, 347,6267
4,299, 347,6283
4,307, 347,6291
4,310, 346,6307
4,311, 346,6315
4,310, 349,6363
4,308, 353,6371
4,306, 356,6379
4,304, 362,6387
4,301, 367,6395
4,299, 373,6404
4,298, 377,6411
4,298, 382,6419
4,298, 384,6427
4,298, 385,6443
4,299, 384,6483
4,300, 383,6499
4,300, 382,6507
4,300, 383,6571
4,300, 385,6579
4,300, 386,6587
4,300, 387,6603
4,300, 388,6699
4,300, 389,6715
4,300, 392,6723
4,298, 395,6731
4,297, 398,6739
4,295, 401,6747
4,294, 403,6755
4,294, 404,6763
4,293, 406,6771
4,292, 407,6787
4,292, 409,6795
4,292, 410,6803
4,292, 412,6811
4,292, 414,6819
4,292, 415,6827
4,292, 416,6835
4,292, 417,6843
4,292, 418,6867
4,292, 419,6875
4,292, 420,6883
4,292, 421,6891
4,291, 423,6899
4,291, 427,6908
4,291, 431,6915
4,291, 434,6923
4,290, 436,6931
4,290, 439,6939
4,289, 441,6947
4,289, 443,6955
4,289, 444,7059
4,289, 444,7263
4,289, 444,7264
4,289, 444,7264
4,289, 444,7266
8,289, 444,7308
8,295, 442,7363
8,299, 441,7371
8,302, 439,7379
8,305, 437,7387
8,311, 434,7395
8,316, 430,7403
8,322, 427,7411
8,329, 422,7419
8,334, 417,7427
8,340, 412,7435
8,346, 407,7443
8,351, 402,7451
8,356, 397,7459
8,363, 391,7467
8,368, 386,7475
8,373, 381,7483
8,378, 377,7491
8,383, 372,7499
8,387, 368,7507
8,392, 364,7516
8,397, 360,7523
8,400, 358,7531
8,402, 357,7539
8,402, 356,7547
6,402, 356,7852
6,401, 356,7891
6,399, 356,7899
6,395, 358,7907
6,392, 360,7915
6,389, 361,7923
6,385, 363,7931
6,382, 365,7939
6,380, 367,7947
6,374, 370,7955
6,368, 373,7963
6,361, 377,7971
6,354, 382,7979
6,346, 386,7987
6,340, 390,7995
6,333, 392,8003
6,327, 394,8011
6,323, 395,8019
6,319, 396,8027
6,316, 398,8035
6,314, 400,8043
6,312, 402,8051
6,311, 403,8059
6,309, 406,8067
6,308, 408,8075
6,307, 411,8083
6,305, 414,8091
6,304, 417,8099
6,303, 420,8107
6,301, 422,8115
6,301, 425,8123
6,299, 429,8131
6,298, 433,8139
6,296, 437,8155
6,293, 450,8163
6,291, 456,8179
6,289, 462,8187
6,287, 469,8195
6,286, 474,8204
6,285, 480,8211
6,285, 482,8219
6,284, 489,8227
6,283, 491,8235
6,283, 490,8323
6,283, 489,8331
6,283, 488,8339
6,283, 487,8347
6,283, 486,8355
6,283, 484,8467
6,285, 482,8475
6,285, 480,8483
6,288, 475,8491
6,290, 472,8499
6,291, 467,8507
6,294, 464,8515
6,295, 462,8523
6,296, 459,8531
6,296, 458,8547
8,296, 458,8756
8,295, 458,8979
8,294, 458,9011
8,295, 459,9091
8,295, 460,9243
8,296, 462,9251
8,297, 465,9259
8,298, 468,9267
8,301, 471,9275
8,303, 475,9283
8,306, 480,9291
8,309, 485,9299
8,312, 488,9307
8,316, 492,9315
8,318, 495,9323
8,320, 497,9331
8,321, 498,9339
8,322, 499,9347
8,323, 499,9411
8,324, 498,9419
8,324, 496,9427
8,324, 493,9435
8,324, 489,9443
8,324, 483,9451
8,323, 477,9459
8,323, 472,9467
8,323, 466,9475
8,323, 464,9491
8,323, 460,9499
8,324, 457,9507
8,327, 455,9515
8,331, 449,9523
8,335, 443,9531
8,339, 435,9539
8,346, 428,9547
8,349, 423,9555
8,353, 419,9563
8,356, 414,9571
8,358, 412,9579
8,360, 410,9587
8,361, 409,9603
8,362, 409,9611
8,362, 408,9619
8,364, 407,9627
8,365, 406,9635
8,366, 405,9643
8,368, 404,9651
8,370, 401,9659
8,372, 399,9667
8,374, 395,9675
8,377, 389,9683
8,379, 385,9691
8,380, 383,9699
8,381, 382,9707
8,381, 381,9715
8,383, 381,9755
8,385, 380,9763
8,388, 380,9771
8,391, 380,9779
8,394, 380,9787
8,396, 380,9795
8,397, 380,9803
8,398, 380,9811
8,399, 380,9827
8,399, 382,9859
8,397, 383,9867
8,396, 385,9875
8,394, 386,9883
8,392, 388,9891
8,387, 391,9899
8,382, 394,9907
8,377, 398,9915
8,372, 402,9923
8,369, 405,9931
8,367, 406,9939
8,368, 406,9979
8,370, 405,9987
8,371, 403,9995
8,372, 403,10003
8,373, 402,10011
8,374, 398,10083
8,374, 396,10091
8,375, 393,10099
8,375, 391,10107
8,375, 390,10123
8,372, 391,10179
8,371, 391,10187
8,370, 391,10195
8,370, 389,10267
8,371, 388,10275
8,371, 386,10283
8,372, 385,10291
8,372, 383,10299
8,372, 380,10307
8,372, 377,10315
8,372, 375,10323
8,372, 374,10331
8,372, 373,10371
8,372, 372,10379
8,373, 372,10387
8,374, 371,10395
8,376, 371,10403
8,378, 370,10411
8,379, 369,10427
8,379, 366,10523
8,378, 364,10531
8,377, 362,10539
8,375, 360,10547
8,374, 358,10555
8,373, 357,10563
8,372, 357,10571
8,371, 356,10587
8,369, 357,10675
8,366, 359,10683
8,362, 362,10691
8,355, 368,10699
8,348, 375,10707
8,340, 383,10715
8,331, 390,10723
8,323, 396,10731
8,318, 401,10739
8,315, 404,10747
8,316, 404,10779
8,320, 404,10787
8,325, 402,10795
8,332, 398,10803
8,337, 395,10811
8,342, 392,10819
8,349, 386,10827
8,356, 380,10835
8,364, 372,10843
8,370, 365,10851
8,377, 357,10859
8,381, 350,10867
8,386, 342,10875
8,389, 335,10883
8,392, 329,10891
8,395, 323,10899
8,398, 317,10907
8,402, 309,10915
8,405, 301,10923
8,409, 292,10931
8,412, 282,10939
8,417, 274,10947
8,420, 265,10955
8,423, 260,10963
8,425, 257,10971
8,425, 256,10987
8,424, 256,11107
8,423, 257,11115
8,422, 258,11123
8,419, 259,11131
8,418, 259,11187
8,418, 258,11211
8,417, 257,11227
8,416, 256,11235
8,416, 254,11243
8,415, 253,11251
8,414, 251,11259
8,414, 250,11267
3,414, 250,11404
3,413, 250,11411
3,413, 251,11419
3,412, 252,11427
3,412, 254,11435
3,411, 258,11443
3,410, 265,11451
3,409, 269,11459
3,407, 275,11468
3,405, 284,11475
3,400, 293,11483
3,396, 302,11499
3,391, 314,11507
3,386, 324,11515
3,380, 331,11523
3,377, 339,11531
3,374, 343,11539
3,372, 348,11547
3,372, 349,11555
3,371, 352,11579
3,370, 354,11595
3,369, 356,11603
3,366, 359,11611
3,362, 364,11619
3,358, 369,11627
3,352, 375,11635
3,347, 382,11643
3,342, 386,11651
3,337, 390,11659
3,335, 392,11667
3,333, 393,11675
3,332, 394,11683
3,332, 395,11691
3,331, 395,11699
3,331, 396,11715
3,330, 397,11723
3,329, 399,11731
3,328, 401,11739
3,326, 403,11747
3,325, 406,11755
3,322, 410,11763
3,319, 413,11771
3,316, 417,11779
3,313, 422,11787
3,310, 426,11795
3,308, 428,11803
3,306, 430,11811
3,305, 432,11819
3,304, 433,11827
3,303, 434,11835
3,302, 432,11899
3,302, 430,11907
3,301, 428,11915
3,300, 423,11923
3,298, 419,11931
3,295, 414,11939
3,292, 409,11947
3,288, 406,11955
3,285, 404,11963
3,280, 401,11971
3,276, 400,11979
3,272, 398,11987
3,268, 397,11995
3,265, 397,12003
3,262, 397,12011
3,257, 397,12019
3,254, 397,12027
3,251, 397,12035
3,249, 396,12043
3,246, 396,12051
3,243, 396,12059
3,242, 396,12067
3,239, 395,12075
3,238, 395,12083
3,237, 395,12091
3,236, 395,12099
3,236, 394,12107
3,235, 394,12115
3,234, 393,12123
3,231, 392,12131
3,229, 391,12139
3,226, 389,12147
3,221, 388,12155
3,218, 387,12163
3,215, 385,12171
3,210, 383,12179
3,207, 382,12187
3,204, 380,12195
3,204, 379,12203
3,203, 377,12211
3,202, 376,12227
3,202, 375,12235
3,202, 373,12243
3,202, 372,12251
3,202, 370,12259
3,202, 369,12267
3,201, 366,12275
3,200, 364,12283
3,199, 362,12291
3,198, 360,12299
3,196, 359,12307
3,196, 358,12315
3,195, 357,12331
3,194, 357,12339
4,194, 357,12476
4,194, 359,12547
4,194, 360,12555
4,196, 361,12563
4,198, 362,12571
4,201, 364,12579
4,207, 365,12587
4,214, 365,12595
4,221, 365,12603
4,231, 364,12611
4,239, 360,12619
4,248, 356,12627
4,255, 353,12635
4,261, 350,12643
4,265, 348,12651
4,268, 347,12659
4,271, 347,12667
4,273, 346,12675
4,275, 345,12683
4,276, 345,12731
4,279, 345,12739
4,281, 345,12747
4,283, 345,12755
4,286, 345,12763
4,289, 345,12771
4,291, 345,12779
4,293, 345,12787
4,294, 345,12795
4,295, 345,12803
4,296, 345,12811
4,297, 345,12827
4,298, 345,12899
4,299, 345,12915
4,301, 346,12923
4,303, 347,12931
4,306, 348,12939
4,311, 350,12947
4,317, 351,12955
4,325, 352,12963
4,332, 352,12971
4,339, 352,12979
4,345, 352,12987
4,349, 350,12995
4,354, 349,13003
4,355, 348,13011
4,357, 346,13019
4,359, 346,13075
4,360, 346,13099
4,362, 346,13107
4,363, 346,13123
4,366, 346,13131
4,368, 346,13147
4,369, 346,13155
4,370, 346,13163
4,372, 346,13171
4,373, 346,13179
4,374, 346,13211
4,375, 346,13227
4,375, 347,13235
4,376, 347,13243
4,377, 347,13251
4,378, 347,13259
4,380, 348,13267
4,381, 348,13275
4,382, 348,13284
4,384, 348,13291
4,385, 348,13307
4,386, 348,13315
4,387, 349,13323
4,388, 349,13331
4,389, 349,13339
4,390, 349,13347
4,391, 349,13363
4,392, 349,13371
4,393, 349,13387
4,394, 349,13395
4,395, 349,13403
4,397, 349,13411
4,399, 349,13419
4,400, 349,13427
4,401, 349,13435
4,402, 349,13451
4,402, 349,13515
4,402, 350,13563
4,402, 351,13571
4,402, 352,13579
4,402, 355,13587
4,401, 358,13595
4,399, 365,13603
4,397, 370,13611
4,394, 375,13620
4,392, 379,13627
4,388, 385,13635
4,385, 391,13643
4,381, 396,13651
4,377, 401,13659
4,372, 406,13667
4,369, 410,13675
4,366, 414,13683
4,364, 416,13691
4,361, 417,13699
4,361, 418,13707
4,359, 419,13715
4,358, 419,13731
4,357, 419,13747
4,356, 420,13755
4,355, 420,13771
4,354, 421,13779
4,353, 421,13787
4,353, 422,13795
4,352, 422,13803
4,351, 422,13827
4,351, 420,13899
4,352, 417,13907
4,356, 413,13915
4,360, 408,13923
4,366, 402,13931
4,375, 391,13939
4,381, 386,13947
4,384, 381,13955
4,389, 376,13963
4,393, 373,13971
4,396, 370,13979
4,397, 368,13987
4,397, 367,14011
4,396, 367,14035
4,396, 366,14051
4,396, 364,14067
4,396, 363,14075
4,396, 362,14083
4,396, 361,14091
4,396, 360,14099
4,396, 359,14115
4,396, 358,14171
4,396, 357,14187
4,397, 356,14195
4,397, 355,14211
4,397, 354,14235
4,398, 353,14243
6,398, 353,14372
6,397, 354,14579
6,395, 355,14587
6,394, 357,14595
6,393, 358,14603
6,390, 360,14611
6,388, 360,14619
6,385, 363,14627
6,382, 365,14635
6,377, 369,14643
6,374, 373,14651
6,369, 380,14659
6,365, 388,14667
6,362, 396,14675
6,359, 404,14683
6,356, 411,14691
6,354, 418,14699
6,352, 424,14707
6,350, 430,14715
6,349, 433,14723
6,349, 435,14731
6,349, 437,14739
6,349, 438,14747
6,349, 439,14755
6,349, 440,14763
6,349, 441,14779
6,349, 442,14787
6,349, 443,14795
6,348, 445,14811
6,348, 446,14819
6,346, 448,14827
6,345, 451,14835
6,344, 453,14843
6,342, 455,14851
6,341, 458,14859
6,339, 461,14867
6,338, 463,14875
6,336, 465,14883
6,334, 468,14899
6,327, 475,14907
6,325, 477,14923
6,322, 478,14931
6,321, 479,14939
6,319, 480,14947
6,317, 481,14955
6,315, 481,14963
6,314, 481,14971
6,313, 481,14979
6,312, 481,14987
6,311, 481,14995
6,310, 481,15003
6,309, 481,15035
6,308, 481,15051
6,307, 481,15067
6,307, 480,15075
6,305, 480,15083
6,305, 479,15091
6,303, 479,15099
6,303, 478,15107
6,302, 477,15115
6,301, 477,15123
6,300, 476,15131
6,300, 474,15147
6,300, 472,15155
6,300, 470,15163
6,300, 467,15171
6,300, 464,15179
6,300, 461,15187
6,301, 458,15195
6,301, 456,15203
6,302, 456,15211
6,302, 455,15219
8,302, 455,15396
8,304, 454,18611
8,311, 454,18619
8,323, 454,18627
8,338, 454,18635
8,353, 453,18643
8,364, 451,18651
8,364, 454,20163
8,364, 455,20171
8,364, 456,20178
8,364, 457,20186
8,367, 457,20194
8,368, 457,20202
8,369, 458,20210
8,368, 459,20851
8,363, 461,20858
8,359, 463,20866
8,351, 466,20874
8,343, 469,20882
8,336, 472,20890
8,327, 476,20898
8,321, 479,20906
8,318, 479,20914
8,313, 482,20922
8,312, 484,20938
8,310, 486,20946
8,308, 488,20954
8,306, 491,20962
8,304, 493,20970
8,303, 494,20978
8,301, 497,20986
8,301, 498,21003
8,301, 499,21018
8,300, 500,21026
8,300, 501,21042
8,300, 502,21050
8,300, 503,21058
8,300, 502,21203
8,301, 501,21210
8,301, 500,21218
8,301, 498,21242
8,301, 496,21250
8,301, 491,21258
8,299, 487,21266
8,297, 482,21274
8,295, 478,21282
8,294, 474,21290
8,294, 472,21299
8,293, 471,21307
8,293, 469,21314
8,293, 468,21322
8,292, 467,21338
8,292, 459,21346
8,292, 456,21362
8,292, 452,21370
8,291, 446,21378
8,291, 440,21386
8,291, 434,21394
8,291, 430,21403
8,290, 421,21410
8,290, 419,21418
8,290, 420,21603
8,290, 422,21610
8,290, 424,21618
8,290, 427,21626
8,290, 430,21634
8,290, 432,21643
8,290, 435,21651
8,290, 438,21658
8,290, 440,21666
8,290, 442,21674
8,290, 443,21682
8,290, 444,21690
8,294, 446,21714
8,296, 447,21730
8,298, 447,21738
8,301, 447,21746
8,304, 447,21757
8,308, 446,21762
8,313, 443,21770
8,318, 440,21779
8,323, 436,21786
8,328, 433,21794
8,331, 430,21802
8,334, 427,21810
8,335, 425,21818
8,337, 423,21826
8,338, 420,21834
8,339, 418,21842
8,340, 416,21850
8,340, 414,21858
8,341, 412,21866
8,341, 411,21874
8,341, 410,21883
8,341, 409,21906
8,343, 409,22083
8,343, 410,22090
8,343, 418,22106
8,335, 446,22114
8,335, 443,23227
8,337, 443,23274
8,337, 442,23282
8,336, 441,23290
8,333, 439,23298
8,329, 438,23306
8,326, 438,23314
8,324, 437,23322
8,323, 436,23330
8,321, 436,23346
8,320, 436,23362
8,319, 438,23626
8,318, 439,23634
8,317, 440,23643
8,317, 441,23650
8,317, 442,23658
8,316, 443,23674
8,315, 444,23682
8,314, 445,23698
8,314, 446,23714
8,313, 446,23723
8,312, 446,23795
8,312, 447,23803
8,311, 447,23811
8,310, 447,23819
8,309, 447,23835
8,308, 447,24219
8,306, 448,24339
8,305, 449,24875
8,302, 449,24883
8,300, 450,24891
8,297, 452,24899
8,292, 454,24907
8,289, 454,24915
8,284, 456,24923
8,282, 457,24931
8,280, 457,24939
8,279, 457,24947
8,281, 457,25083
8,283, 457,25099
8,286, 457,25108
8,288, 457,25115
8,290, 457,25123
8,291, 457,25131
8,292, 457,25139
8,292, 457,25628
8,292, 457,25868
8,292, 457,25869
8,292, 457,25870
8,292, 457,25884
8,292, 457,25942
8,292, 457,26068
8,292, 457,26260
8,293, 457,26315
8,297, 446,26323
8,301, 437,26331
8,306, 427,26339
8,310, 417,26347
8,316, 406,26355
8,320, 394,26363
8,326, 384,26371
8,329, 377,26379
8,332, 370,26387
8,335, 365,26395
8,336, 362,26403
8,337, 361,26411
8,337, 360,26427
8,338, 360,26467
8,339, 360,26483
8,340, 360,26491
8,341, 360,26499
8,342, 360,26507
8,344, 360,26515
8,346, 360,26523
8,348, 360,26531
8,349, 360,26547
8,351, 362,26587
8,351, 363,26596
8,353, 364,26603
8,355, 367,26611
8,359, 369,26619
8,363, 370,26627
8,368, 372,26635
8,373, 374,26643
8,377, 375,26651
8,381, 375,26659
8,383, 375,26667
8,386, 375,26675
8,387, 375,26691
8,387, 374,26699
8,388, 372,26707
8,391, 367,26715
8,392, 364,26723
8,392, 363,26731
8,393, 361,26739
8,394, 358,26747
8,395, 357,26755
8,395, 356,26763
6,395, 356,27068
6,390, 356,27075
6,384, 356,27083
6,376, 356,27092
6,365, 356,27099
6,354, 356,27107
6,342, 356,27115
6,331, 356,27123
6,320, 356,27131
6,309, 356,27139
6,300, 356,27147
6,290, 356,27155
6,282, 356,27163
6,274, 356,27171
6,266, 356,27179
6,259, 356,27187
6,253, 356,27195
6,248, 356,27203
6,243, 356,27211
6,240, 356,27219
6,238, 356,27227
6,237, 356,27235
6,235, 356,27243
6,234, 356,27251
6,233, 356,27267
6,232, 356,27355
6,230, 356,27363
6,228, 356,27371
6,226, 356,27379
6,223, 356,27387
6,220, 356,27395
6,217, 356,27403
6,215, 356,27411
6,214, 356,27419
6,213, 356,27427
6,212, 356,27443
6,211, 356,27451
6,210, 356,27467
6,208, 356,27475
6,206, 356,27484
6,204, 356,27492
6,202, 356,27499
6,199, 356,27507
6,196, 356,27515
6,195, 356,27523
6,194, 356,27531
6,193, 356,27539
6,192, 356,27555
6,191, 356,27563
6,189, 356,27571
6,188, 355,27579
6,187, 355,27587
6,186, 355,27603
4,186, 355,27717
4,187, 356,27731
4,188, 356,27763
4,190, 356,27779
4,193, 356,27787
4,196, 356,27795
4,201, 354,27803
4,206, 352,27811
4,216, 350,27819
4,226, 348,27827
4,237, 343,27835
4,250, 339,27843
4,264, 333,27851
4,280, 326,27859
4,298, 318,27867
4,313, 310,27875
4,327, 303,27883
4,340, 296,27891
4,340, 296,27896
4,340, 296,27897
4,340, 296,27898
4,350, 290,27899
4,359, 284,27907
4,366, 279,27915
4,371, 275,27923
4,371, 275,27929
4,376, 272,27931
4,378, 271,27939
4,380, 268,27947
4,382, 265,27955
4,383, 264,27963
4,384, 262,27971
4,384, 261,27979
4,386, 259,27987
4,387, 258,28003
4,388, 258,28011
4,391, 257,28019
4,393, 256,28027
4,395, 255,28035
4,397, 254,28043
4,400, 253,28051
4,403, 252,28059
4,404, 252,28067
4,406, 251,28075
4,406, 250,28083
4,407, 250,28091
3,407, 250,28301
3,406, 250,28307
3,405, 250,28315
3,403, 251,28323
3,400, 252,28331
3,397, 253,28339
3,393, 256,28347
3,388, 259,28355
3,382, 263,28363
3,376, 268,28379
3,359, 286,28387
3,351, 295,28403
3,333, 317,28411
3,328, 325,28427
3,324, 331,28435
3,321, 336,28443
3,319, 339,28451
3,318, 343,28459
3,318, 343,28479
3,318, 343,28480
3,318, 343,28481
3,318, 343,28482
3,317, 343,28547
3,317, 344,28555
3,316, 344,28563
3,315, 345,28579
3,314, 345,28587
3,314, 346,28595
3,313, 346,28603
3,309, 348,28675
3,308, 348,28683
3,305, 350,28691
3,303, 351,28699
3,302, 351,28707
3,301, 352,28715
3,300, 352,28723
5,300, 352,28861
5,300, 353,28899
5,302, 356,28915
5,304, 359,28923
5,307, 364,28931
5,315, 374,28939
5,319, 379,28947
5,323, 384,28955
5,327, 389,28963
5,332, 394,28971
5,336, 399,28979
5,341, 403,28987
5,345, 406,28995
5,350, 410,29003
5,353, 413,29011
5,357, 416,29019
5,359, 418,29027
5,364, 422,29035
5,368, 425,29043
5,371, 427,29051
5,376, 431,29059
5,380, 434,29067
5,383, 438,29075
5,386, 439,29083
5,389, 442,29099
5,390, 442,29107
5,391, 442,29115
5,392, 442,29123
5,392, 443,29131
5,393, 443,29179
5,395, 444,29203
5,396, 445,29211
5,398, 446,29219
5,399, 446,29227
5,399, 447,29235
5,400, 447,29243
5,401, 447,29283
5,402, 447,29307
</data>

</pull>

