<pull>
 <ip>158.121.95.80</ip>
 <referer>http://www.cs.umb.edu/~joecohen/mouse/?name=golden</referer>
 <date>Mon May 7 11:41:39 EDT 2012</date>
 <userAgent>Mozilla/5.0 (X11; Linux x86_64) AppleWebKit/535.19 (KHTML, like Gecko) Ubuntu/11.04 Chromium/18.0.1025.151 Chrome/18.0.1025.151 Safari/535.19</userAgent>
 <userLang>en-US,en;q=0.8</userLang>
 <data>  
8,295, 452,159
8,296, 451,166
8,297, 450,174
8,299, 449,182
8,300, 448,190
8,301, 447,198
8,303, 446,206
8,304, 445,214
8,306, 444,222
8,307, 443,230
8,308, 443,238
8,310, 442,246
8,311, 441,254
8,312, 439,262
8,313, 439,270
8,315, 437,278
8,316, 436,286
8,317, 435,294
8,319, 434,302
8,321, 433,311
8,322, 432,318
8,324, 431,326
8,325, 430,334
8,326, 429,342
8,327, 428,350
8,328, 427,358
8,329, 426,366
8,330, 425,374
8,331, 424,382
8,332, 423,390
8,334, 422,398
8,335, 421,406
8,337, 420,414
8,338, 418,422
8,340, 417,430
8,341, 416,438
8,342, 415,446
8,343, 414,454
8,343, 413,462
8,344, 412,470
8,345, 411,478
8,346, 410,486
8,347, 409,494
8,348, 408,502
8,349, 407,510
8,349, 406,518
8,349, 405,526
8,349, 404,534
8,350, 403,542
8,350, 402,550
8,351, 401,558
8,351, 400,566
8,352, 399,574
8,352, 398,582
8,353, 397,590
8,353, 396,598
8,354, 396,606
8,354, 395,614
8,355, 394,622
8,356, 393,630
8,357, 392,638
8,358, 391,654
8,358, 390,662
8,359, 390,670
8,360, 389,678
8,360, 388,686
8,361, 387,694
8,363, 386,702
8,364, 385,710
8,365, 384,718
8,366, 383,726
8,367, 382,734
8,368, 381,742
8,369, 381,750
8,369, 380,758
8,370, 380,766
8,371, 379,774
8,371, 378,782
8,372, 378,790
8,372, 377,806
8,373, 377,814
8,373, 376,822
8,374, 375,830
8,375, 375,838
8,375, 374,846
8,376, 374,854
8,377, 373,862
8,377, 372,870
8,378, 372,878
8,379, 371,886
8,380, 370,894
8,380, 369,902
8,381, 369,910
8,382, 369,918
8,382, 368,926
8,383, 368,934
8,383, 367,942
8,384, 367,950
8,384, 366,958
8,385, 366,966
8,386, 365,974
8,386, 364,982
8,387, 364,990
8,388, 363,998
8,388, 362,1006
8,389, 362,1014
8,389, 361,1022
8,390, 361,1030
8,390, 360,1038
8,391, 360,1046
8,391, 359,1054
8,391, 358,1062
8,392, 358,1070
8,392, 357,1086
8,393, 357,1094
8,393, 356,1102
8,394, 356,1110
8,395, 356,1118
8,395, 355,1134
8,396, 355,1150
6,395, 355,1630
6,394, 355,1646
6,393, 355,1662
6,392, 355,1670
6,391, 355,1678
6,390, 355,1686
6,389, 355,1694
6,388, 355,1702
6,387, 355,1710
6,386, 356,1718
6,385, 356,1726
6,384, 356,1734
6,383, 356,1742
6,381, 356,1750
6,380, 356,1758
6,379, 356,1766
6,377, 357,1774
6,376, 357,1783
6,374, 357,1790
6,373, 357,1798
6,371, 357,1806
6,370, 357,1814
6,368, 357,1822
6,367, 357,1830
6,365, 357,1838
6,364, 357,1846
6,363, 357,1854
6,361, 357,1862
6,360, 358,1870
6,359, 358,1878
6,357, 358,1886
6,355, 358,1894
6,353, 358,1902
6,351, 358,1910
6,349, 359,1918
6,347, 359,1926
6,345, 359,1934
6,343, 359,1942
6,341, 359,1950
6,339, 359,1958
6,337, 359,1966
6,335, 359,1974
6,333, 359,1982
6,331, 359,1990
6,328, 359,1998
6,326, 359,2006
6,324, 359,2014
6,322, 359,2022
6,320, 359,2030
6,317, 359,2038
6,315, 359,2047
6,312, 359,2054
6,310, 359,2062
6,307, 359,2070
6,305, 359,2078
6,303, 359,2086
6,301, 359,2094
6,300, 359,2102
6,298, 359,2110
6,297, 359,2118
6,296, 359,2126
6,295, 359,2134
6,294, 359,2142
6,293, 359,2150
6,291, 359,2158
6,290, 359,2166
6,289, 359,2174
6,288, 359,2182
6,286, 359,2190
6,285, 359,2198
6,283, 359,2206
6,282, 359,2214
6,280, 359,2222
6,279, 359,2230
6,277, 359,2238
6,275, 359,2246
6,274, 359,2254
6,272, 359,2262
6,270, 358,2270
6,268, 358,2278
6,266, 358,2286
6,264, 358,2294
6,262, 358,2302
6,260, 358,2310
6,257, 357,2318
6,255, 357,2326
6,253, 357,2334
6,251, 357,2342
6,249, 357,2350
6,247, 357,2358
6,245, 357,2366
6,243, 356,2374
6,241, 356,2382
6,239, 356,2390
6,237, 356,2398
6,236, 355,2406
6,234, 355,2414
6,232, 355,2422
6,231, 355,2430
6,229, 355,2438
6,228, 355,2446
6,227, 355,2454
6,226, 355,2462
6,225, 355,2470
6,224, 354,2478
6,223, 354,2486
6,222, 354,2494
6,221, 354,2502
6,220, 354,2510
6,219, 354,2518
6,218, 354,2526
6,217, 354,2534
6,215, 354,2542
6,214, 354,2550
6,213, 354,2558
6,212, 354,2566
6,211, 354,2574
6,209, 354,2582
6,207, 354,2590
6,206, 354,2598
6,204, 354,2607
6,203, 353,2614
6,201, 353,2622
6,199, 353,2630
6,198, 353,2638
6,197, 353,2646
6,196, 353,2654
6,195, 353,2662
6,194, 353,2678
6,193, 353,2694
6,192, 353,2710
6,191, 353,2726
6,190, 353,2742
4,191, 353,3262
4,192, 353,3270
4,193, 353,3278
4,193, 352,3286
4,194, 352,3294
4,195, 352,3302
4,196, 351,3310
4,197, 351,3318
4,199, 350,3326
4,200, 349,3334
4,201, 349,3342
4,203, 348,3350
4,204, 348,3358
4,206, 347,3366
4,207, 347,3374
4,209, 346,3382
4,211, 345,3390
4,212, 345,3398
4,214, 344,3406
4,216, 343,3414
4,217, 343,3422
4,219, 342,3430
4,220, 341,3438
4,222, 341,3446
4,223, 340,3454
4,225, 339,3462
4,227, 339,3470
4,229, 338,3478
4,231, 337,3486
4,233, 336,3494
4,236, 335,3502
4,238, 335,3510
4,240, 334,3518
4,242, 333,3526
4,245, 333,3534
4,247, 332,3542
4,249, 331,3550
4,251, 331,3558
4,254, 330,3566
4,255, 329,3574
4,257, 329,3582
4,259, 328,3590
4,260, 327,3598
4,262, 327,3606
4,263, 326,3614
4,265, 325,3622
4,266, 325,3630
4,267, 324,3638
4,269, 324,3646
4,270, 323,3654
4,271, 322,3662
4,273, 322,3670
4,275, 321,3678
4,276, 320,3686
4,278, 319,3694
4,279, 319,3702
4,281, 318,3710
4,282, 317,3718
4,283, 316,3726
4,284, 316,3734
4,286, 315,3742
4,287, 315,3750
4,288, 314,3758
4,289, 313,3766
4,291, 312,3774
4,292, 312,3782
4,294, 311,3790
4,296, 310,3798
4,297, 310,3806
4,299, 309,3814
4,301, 308,3822
4,302, 307,3830
4,303, 307,3838
4,305, 306,3846
4,306, 305,3854
4,308, 305,3862
4,309, 304,3870
4,310, 303,3878
4,312, 303,3886
4,313, 303,3894
4,314, 302,3902
4,315, 301,3910
4,316, 300,3918
4,318, 300,3926
4,320, 299,3934
4,322, 298,3942
4,323, 298,3950
4,325, 297,3958
4,326, 296,3966
4,328, 296,3974
4,329, 295,3982
4,331, 294,3990
4,332, 293,3998
4,334, 293,4006
4,335, 292,4014
4,337, 291,4022
4,338, 290,4030
4,339, 290,4038
4,340, 289,4046
4,341, 288,4054
4,342, 288,4062
4,343, 287,4070
4,345, 287,4078
4,346, 286,4086
4,347, 285,4094
4,349, 284,4102
4,351, 284,4110
4,352, 283,4118
4,354, 282,4126
4,356, 281,4134
4,358, 280,4142
4,359, 279,4150
4,361, 278,4158
4,363, 277,4166
4,364, 276,4174
4,366, 276,4182
4,367, 275,4190
4,368, 274,4198
4,370, 274,4206
4,371, 273,4214
4,372, 273,4222
4,373, 272,4230
4,375, 271,4238
4,376, 270,4246
4,378, 270,4254
4,379, 269,4262
4,381, 268,4270
4,384, 267,4278
4,386, 266,4286
4,388, 265,4294
4,390, 264,4302
4,391, 263,4310
4,393, 262,4318
4,394, 261,4326
4,395, 260,4334
4,397, 260,4342
4,397, 259,4350
4,398, 259,4358
4,399, 258,4366
4,400, 258,4374
4,401, 257,4382
4,402, 256,4390
4,403, 256,4398
4,404, 255,4406
4,405, 254,4414
4,406, 254,4422
4,407, 253,4430
4,408, 253,4438
4,409, 253,4446
4,409, 252,4454
4,410, 252,4462
3,409, 252,5022
3,408, 252,5070
3,407, 252,5078
3,407, 253,5086
3,406, 253,5094
3,406, 254,5102
3,404, 254,5110
3,403, 255,5118
3,402, 256,5126
3,401, 257,5134
3,399, 258,5142
3,398, 259,5150
3,396, 260,5158
3,395, 261,5166
3,394, 263,5174
3,393, 263,5182
3,392, 264,5190
3,391, 265,5198
3,390, 266,5206
3,389, 267,5214
3,388, 268,5222
3,387, 268,5230
3,386, 269,5238
3,385, 270,5246
3,384, 271,5254
3,383, 272,5262
3,382, 273,5270
3,381, 274,5278
3,380, 275,5286
3,379, 276,5294
3,378, 277,5302
3,377, 278,5310
3,376, 279,5318
3,375, 280,5326
3,374, 281,5334
3,373, 282,5342
3,372, 283,5350
3,371, 284,5358
3,370, 285,5366
3,368, 286,5374
3,368, 287,5382
3,367, 288,5390
3,366, 289,5398
3,365, 290,5406
3,365, 291,5414
3,364, 292,5422
3,363, 293,5430
3,362, 294,5438
3,361, 295,5446
3,360, 296,5454
3,359, 296,5462
3,358, 297,5470
3,356, 298,5478
3,355, 299,5486
3,354, 300,5494
3,353, 302,5502
3,352, 303,5510
3,351, 304,5534
3,349, 306,5535
3,348, 307,5542
3,347, 307,5550
3,347, 308,5558
3,346, 309,5566
3,345, 310,5574
3,344, 311,5582
3,342, 311,5590
3,341, 312,5598
3,340, 313,5606
3,339, 314,5614
3,338, 315,5622
3,337, 316,5630
3,336, 317,5638
3,335, 318,5646
3,334, 319,5654
3,333, 320,5662
3,332, 321,5670
3,331, 322,5678
3,330, 324,5686
3,328, 325,5694
3,327, 326,5702
3,327, 327,5710
3,326, 328,5718
3,325, 328,5726
3,324, 329,5734
3,323, 330,5742
3,323, 331,5750
3,322, 332,5758
3,321, 333,5766
3,320, 334,5774
3,319, 335,5782
3,318, 336,5790
3,317, 337,5798
3,316, 338,5806
3,315, 338,5814
3,314, 339,5822
3,313, 340,5830
3,313, 341,5838
3,312, 341,5846
3,312, 342,5862
3,311, 342,5870
3,311, 343,5878
3,310, 343,5886
3,309, 344,5894
3,308, 344,5902
3,308, 345,5910
3,307, 346,5918
3,306, 346,5926
3,306, 347,5934
3,305, 347,5942
3,305, 348,5950
3,304, 348,5966
3,304, 349,5974
3,303, 349,5982
3,303, 350,5990
3,302, 350,5998
3,302, 351,6006
3,301, 352,6014
3,300, 352,6022
3,299, 352,6030
3,299, 353,6038
3,298, 353,6054
5,299, 353,6542
5,299, 354,6550
5,300, 355,6558
5,300, 356,6566
5,301, 357,6574
5,302, 358,6582
5,303, 360,6590
5,304, 361,6598
5,305, 362,6606
5,306, 364,6614
5,307, 365,6622
5,308, 367,6630
5,309, 368,6638
5,311, 370,6646
5,312, 372,6654
5,313, 373,6662
5,314, 374,6670
5,316, 375,6678
5,317, 377,6686
5,318, 377,6694
5,319, 378,6702
5,321, 380,6710
5,322, 381,6718
5,323, 381,6726
5,324, 382,6734
5,325, 383,6742
5,326, 384,6750
5,327, 384,6758
5,328, 385,6766
5,329, 386,6774
5,330, 386,6782
5,330, 387,6790
5,331, 387,6798
5,332, 388,6806
5,333, 388,6814
5,334, 389,6822
5,336, 390,6831
5,337, 391,6838
5,338, 392,6846
5,340, 393,6854
5,342, 393,6862
5,343, 394,6870
5,344, 395,6878
5,346, 396,6886
5,347, 397,6894
5,348, 398,6902
5,349, 398,6910
5,350, 399,6918
5,351, 400,6926
5,352, 401,6934
5,354, 402,6942
5,356, 403,6950
5,357, 404,6958
5,358, 405,6966
5,360, 407,6974
5,361, 408,6982
5,362, 408,6990
5,363, 409,6998
5,364, 410,7006
5,365, 411,7014
5,366, 411,7022
5,366, 412,7030
5,367, 412,7038
5,367, 413,7046
5,368, 414,7054
5,369, 415,7062
5,369, 416,7070
5,370, 417,7078
5,371, 418,7086
5,372, 419,7094
5,373, 420,7102
5,375, 422,7110
5,376, 423,7118
5,377, 424,7126
5,379, 426,7134
5,380, 427,7142
5,381, 428,7150
5,382, 429,7158
5,382, 430,7166
5,383, 431,7174
5,384, 432,7182
5,384, 433,7190
5,385, 434,7198
5,386, 435,7206
5,386, 436,7214
5,387, 437,7222
5,388, 439,7230
5,389, 440,7238
5,389, 441,7246
5,390, 441,7254
5,390, 442,7262
5,391, 442,7278
5,391, 443,7286
5,391, 444,7294
5,392, 444,7302
5,392, 445,7310
5,393, 445,7318
5,393, 446,7326
5,394, 447,7334
5,394, 448,7342
5,395, 448,7350
5,395, 449,7358
5,396, 449,7366
5,396, 450,7374
5,397, 451,7382
5,397, 452,7390
5,398, 452,7398
5,398, 453,7414
5,399, 453,7422
5,399, 454,7430
5,400, 454,7446
5,400, 455,7454
5,401, 455,7462
5,401, 456,7470
5,401, 457,7494
</data>

</pull>

