<pull>
 <ip>209.104.235.1</ip>
 <referer>http://www.cs.umb.edu/~joecohen/mouse/?name=gopelaez</referer>
 <date>Tue May 8 18:11:40 EDT 2012</date>
 <userAgent>Mozilla/5.0 (Macintosh; Intel Mac OS X 10_6_8) AppleWebKit/535.19 (KHTML, like Gecko) Chrome/18.0.1025.168 Safari/535.19</userAgent>
 <userLang>en-US,en;q=0.8</userLang>
 <data>  
8,302, 456,103
8,318, 439,119
8,328, 425,136
8,335, 416,152
8,346, 405,169
8,354, 395,185
8,359, 388,202
8,364, 382,219
8,368, 378,235
8,371, 375,252
8,374, 373,269
8,379, 368,285
8,385, 362,302
8,389, 356,319
8,393, 352,336
8,399, 347,352
8,403, 344,369
8,404, 343,386
8,407, 342,402
8,408, 342,419
8,408, 341,436
8,410, 341,452
8,411, 341,469
8,412, 341,486
8,413, 341,502
8,413, 343,619
8,412, 346,636
8,411, 350,653
8,410, 351,669
6,409, 351,1170
6,395, 353,1186
6,371, 352,1203
6,342, 350,1219
6,310, 348,1236
6,275, 344,1253
6,243, 341,1270
6,227, 341,1286
6,217, 341,1303
6,212, 341,1320
6,209, 343,1337
6,207, 344,1353
6,204, 345,1370
6,198, 345,1386
6,194, 346,1403
6,192, 346,1420
6,190, 346,1436
4,191, 345,1720
4,203, 329,1737
4,218, 312,1753
4,247, 289,1770
4,296, 259,1787
4,328, 247,1804
4,351, 240,1820
4,373, 236,1837
4,393, 232,1854
4,403, 230,1870
4,406, 228,1887
4,403, 229,2004
4,401, 230,2020
4,399, 236,2038
4,398, 240,2054
4,399, 243,2070
4,401, 244,2087
4,403, 246,2121
4,404, 246,2137
4,405, 246,2187
3,402, 248,2454
3,394, 256,2471
3,388, 263,2487
3,382, 271,2505
3,371, 284,2521
3,355, 301,2538
3,339, 315,2554
3,323, 329,2571
3,309, 339,2590
3,303, 345,2604
3,301, 347,2788
3,300, 347,2804
3,300, 349,2821
5,299, 351,3005
5,310, 363,3021
5,340, 385,3038
5,358, 409,3055
5,371, 428,3071
5,380, 441,3088
5,384, 445,3105
5,385, 446,3121
5,386, 446,3272
5,387, 446,3305
5,394, 447,3322
5,403, 450,3338
5,413, 456,3355
5,418, 461,3372
5,421, 462,3388
5,420, 463,3505
5,418, 461,3538
5,416, 461,3572
</data>

</pull>

<pull>
 <ip>209.104.235.1</ip>
 <referer>http://www.cs.umb.edu/~joecohen/mouse/?name=gopelaez</referer>
 <date>Tue May 8 18:12:02 EDT 2012</date>
 <userAgent>Mozilla/5.0 (Macintosh; Intel Mac OS X 10_6_8) AppleWebKit/535.19 (KHTML, like Gecko) Chrome/18.0.1025.168 Safari/535.19</userAgent>
 <userLang>en-US,en;q=0.8</userLang>
 <data>  
8,307, 449,98
8,319, 439,115
8,332, 428,131
8,342, 418,148
8,356, 402,165
8,368, 387,181
8,379, 371,198
8,386, 362,215
8,390, 356,231
8,392, 354,248
8,393, 353,265
8,394, 353,281
8,394, 352,298
8,394, 351,331
8,395, 351,348
8,397, 349,365
8,403, 345,382
8,407, 341,398
8,411, 338,415
8,412, 338,432
8,412, 339,498
8,412, 341,515
8,412, 342,532
8,412, 344,548
8,412, 345,565
6,412, 346,966
6,410, 346,982
6,404, 347,999
6,394, 347,1015
6,380, 347,1032
6,357, 346,1049
6,326, 344,1065
6,290, 342,1083
6,259, 341,1099
6,234, 341,1115
6,217, 341,1132
6,213, 342,1149
6,211, 343,1166
6,210, 343,1182
6,210, 344,1215
6,207, 345,1249
6,205, 345,1266
6,203, 345,1282
6,201, 345,1299
6,198, 346,1316
4,204, 344,2066
4,212, 340,2083
4,223, 332,2100
4,243, 319,2116
4,265, 307,2133
4,295, 290,2150
4,322, 274,2166
4,341, 262,2183
4,357, 254,2200
4,366, 252,2216
4,367, 252,2233
4,368, 252,2267
4,370, 250,2283
4,374, 249,2300
4,381, 247,2316
4,389, 245,2333
4,401, 244,2350
4,409, 244,2366
4,414, 244,2383
3,412, 249,2784
3,403, 262,2801
3,389, 279,2817
3,378, 291,2834
3,366, 300,2850
3,352, 308,2867
3,340, 315,2884
3,329, 322,2900
3,321, 328,2917
3,315, 333,2934
3,311, 337,2950
3,309, 339,2967
3,308, 339,2984
3,308, 340,3134
3,307, 341,3150
3,306, 342,3167
5,305, 343,3618
5,308, 348,3635
5,320, 362,3651
5,335, 375,3667
5,357, 393,3684
5,379, 411,3701
5,400, 427,3718
5,419, 440,3734
5,428, 445,3751
5,430, 448,3768
5,430, 449,3818
5,428, 449,3851
5,427, 450,3868
5,425, 450,3884
5,424, 450,3901
5,423, 450,3918
5,422, 450,3951
5,421, 450,3984
</data>

</pull>

<pull>
 <ip>209.104.235.1</ip>
 <referer>http://www.cs.umb.edu/~joecohen/mouse/?name=gopelaez</referer>
 <date>Tue May 8 18:12:09 EDT 2012</date>
 <userAgent>Mozilla/5.0 (Macintosh; Intel Mac OS X 10_6_8) AppleWebKit/535.19 (KHTML, like Gecko) Chrome/18.0.1025.168 Safari/535.19</userAgent>
 <userLang>en-US,en;q=0.8</userLang>
 <data>  
8,298, 441,103
8,310, 427,120
8,325, 417,136
8,340, 408,153
8,355, 398,169
8,372, 383,186
8,386, 368,203
8,395, 357,219
8,401, 349,236
8,403, 346,252
8,403, 345,269
6,396, 345,954
6,371, 347,971
6,344, 350,996
6,330, 351,1011
6,308, 352,1020
6,286, 352,1037
6,265, 353,1056
6,253, 354,1069
6,243, 356,1087
6,233, 356,1103
6,225, 357,1120
6,218, 357,1137
6,212, 357,1154
6,205, 357,1170
6,198, 357,1187
6,193, 357,1203
6,186, 357,1220
6,181, 357,1237
6,178, 357,1254
6,177, 357,1287
4,180, 355,1571
4,198, 345,1587
4,217, 336,1604
4,249, 322,1620
4,285, 311,1637
4,316, 301,1654
4,344, 291,1670
4,369, 283,1687
4,388, 278,1704
4,401, 274,1721
4,406, 272,1743
4,407, 270,1754
4,407, 268,1771
4,407, 267,1787
4,407, 266,1821
4,408, 265,1854
4,408, 263,1871
4,412, 260,1887
4,414, 257,1904
4,415, 255,1921
4,415, 254,2038
4,414, 253,2071
3,413, 253,2555
3,410, 256,2571
3,402, 266,2588
3,390, 281,2605
3,380, 294,2621
3,368, 307,2638
3,352, 319,2655
3,340, 328,2671
3,331, 336,2688
3,324, 343,2705
3,318, 349,2722
3,315, 351,2738
3,314, 352,2755
3,313, 352,2788
3,311, 353,2855
3,309, 353,2872
3,307, 353,2888
3,304, 354,2922
3,303, 354,3005
5,307, 357,3272
5,320, 367,3289
5,335, 381,3305
5,353, 395,3322
5,366, 405,3339
5,378, 413,3355
5,384, 418,3372
5,387, 421,3389
5,390, 424,3405
5,391, 426,3422
5,393, 427,3439
5,393, 429,3472
5,393, 430,3506
5,393, 431,3556
5,394, 431,3572
5,394, 432,3589
5,394, 433,3606
5,394, 435,3622
5,394, 437,3639
5,394, 439,3656
5,396, 441,3672
5,398, 444,3689
5,399, 445,3706
5,400, 446,3722
5,401, 446,3739
</data>

</pull>

<pull>
 <ip>209.104.235.1</ip>
 <referer>http://www.cs.umb.edu/~joecohen/mouse/?name=gopelaez</referer>
 <date>Tue May 8 18:12:18 EDT 2012</date>
 <userAgent>Mozilla/5.0 (Macintosh; Intel Mac OS X 10_6_8) AppleWebKit/535.19 (KHTML, like Gecko) Chrome/18.0.1025.168 Safari/535.19</userAgent>
 <userLang>en-US,en;q=0.8</userLang>
 <data>  
8,297, 445,100
8,311, 433,116
8,324, 421,133
8,337, 408,150
8,351, 393,166
8,366, 379,183
8,373, 372,199
8,376, 369,216
8,378, 368,232
8,378, 367,250
8,380, 367,283
8,382, 366,299
8,383, 366,333
8,385, 365,383
8,391, 363,399
8,400, 359,416
8,406, 355,433
8,410, 353,449
8,411, 353,466
8,412, 352,516
6,411, 352,750
6,399, 354,766
6,383, 356,783
6,366, 357,800
6,346, 360,816
6,319, 361,833
6,292, 363,850
6,268, 363,867
6,250, 363,883
6,236, 363,900
6,230, 363,916
6,227, 363,933
6,226, 363,1033
6,224, 363,1050
6,218, 363,1066
6,213, 363,1083
6,204, 363,1100
6,196, 362,1117
6,188, 360,1133
6,181, 359,1150
6,179, 358,1166
4,182, 355,1918
4,190, 347,1934
4,204, 341,1951
4,236, 327,1968
4,273, 310,1984
4,313, 292,2001
4,341, 274,2017
4,361, 257,2034
4,373, 250,2051
4,382, 246,2068
4,386, 244,2101
4,387, 243,2117
4,389, 242,2134
4,392, 241,2151
4,397, 240,2167
4,400, 240,2184
4,403, 240,2201
4,404, 240,2218
4,406, 240,2234
4,408, 240,2251
4,409, 241,2502
3,408, 241,2685
3,406, 245,2701
3,398, 252,2718
3,389, 264,2735
3,375, 277,2751
3,361, 290,2768
3,344, 303,2785
3,331, 314,2801
3,321, 324,2818
3,313, 334,2835
3,309, 340,2851
3,308, 342,2868
3,307, 343,3035
3,303, 347,3051
3,299, 350,3068
3,298, 351,3085
5,299, 353,3319
5,307, 359,3336
5,320, 370,3352
5,336, 384,3369
5,351, 398,3385
5,361, 408,3402
5,365, 413,3418
5,369, 416,3435
5,372, 419,3452
5,375, 422,3468
5,376, 423,3485
5,377, 423,3504
5,377, 424,3524
5,378, 424,3532
5,378, 426,3552
5,380, 429,3569
5,382, 431,3586
5,384, 435,3603
5,385, 436,3619
5,387, 437,3652
5,387, 438,3669
5,390, 438,3702
5,390, 440,3719
5,391, 440,3735
5,392, 440,3752
5,393, 440,3802
5,394, 440,3835
5,394, 441,3869
5,395, 441,3902
5,395, 442,3936
5,396, 442,3952
</data>

</pull>

<pull>
 <ip>209.104.235.1</ip>
 <referer>http://www.cs.umb.edu/~joecohen/mouse/?name=gopelaez</referer>
 <date>Tue May 8 18:12:26 EDT 2012</date>
 <userAgent>Mozilla/5.0 (Macintosh; Intel Mac OS X 10_6_8) AppleWebKit/535.19 (KHTML, like Gecko) Chrome/18.0.1025.168 Safari/535.19</userAgent>
 <userLang>en-US,en;q=0.8</userLang>
 <data>  
8,292, 448,80
8,301, 441,96
8,314, 432,114
8,317, 429,130
8,321, 426,146
8,327, 422,163
8,331, 418,180
8,338, 411,196
8,345, 402,214
8,353, 392,230
8,358, 386,247
8,360, 383,264
8,361, 382,280
8,362, 380,297
8,366, 376,314
8,371, 373,330
8,376, 367,347
8,381, 361,363
8,383, 356,380
8,386, 352,397
8,387, 351,414
8,389, 350,447
8,390, 350,463
8,394, 348,480
8,398, 348,497
8,401, 348,514
8,403, 348,530
8,404, 348,547
8,405, 348,580
6,403, 348,1047
6,393, 351,1064
6,381, 353,1081
6,363, 355,1097
6,343, 357,1114
6,320, 359,1131
6,306, 360,1148
6,293, 361,1164
6,282, 363,1181
6,272, 364,1197
6,263, 365,1214
6,252, 367,1231
6,244, 367,1247
6,234, 367,1264
6,223, 368,1281
6,215, 369,1297
6,206, 370,1314
6,201, 370,1331
6,197, 370,1348
6,194, 370,1364
6,192, 370,1381
6,190, 370,1397
6,185, 370,1414
6,180, 369,1431
6,177, 369,1447
6,176, 369,1464
6,176, 368,1498
6,178, 366,1514
6,180, 366,1531
6,182, 363,1548
6,184, 358,1565
6,186, 355,1581
6,187, 354,1598
4,187, 353,1848
4,203, 346,1865
4,233, 331,1882
4,285, 303,1898
4,331, 281,1915
4,366, 270,1931
4,383, 267,1948
4,388, 265,1965
4,389, 265,1982
4,389, 264,2048
4,390, 264,2082
4,390, 263,2149
4,392, 262,2165
4,398, 260,2182
4,404, 257,2198
4,408, 255,2215
4,410, 253,2232
3,406, 256,2465
3,398, 264,2482
3,385, 276,2499
3,375, 285,2515
3,371, 292,2532
3,366, 301,2548
3,363, 309,2565
3,360, 315,2582
3,357, 319,2599
3,353, 323,2612
3,345, 330,2632
3,337, 336,2649
3,333, 338,2665
3,332, 339,2682
3,330, 341,2699
3,328, 341,2715
3,326, 341,2732
3,323, 342,2749
3,317, 344,2766
3,313, 345,2782
3,307, 347,2799
3,301, 349,2816
3,300, 349,2849
3,298, 349,2882
3,297, 349,2899
3,297, 350,2915
3,295, 350,2933
5,296, 352,3166
5,308, 362,3183
5,321, 372,3199
5,336, 385,3216
5,352, 398,3233
5,362, 410,3249
5,375, 420,3266
5,386, 426,3283
5,389, 428,3299
5,391, 430,3316
5,393, 432,3333
5,395, 435,3349
5,397, 438,3366
5,398, 439,3383
5,399, 440,3399
5,399, 441,3433
5,400, 441,3450
5,400, 442,3466
5,400, 443,3516
5,401, 445,3533
5,402, 448,3549
5,404, 452,3566
</data>

</pull>

<pull>
 <ip>209.104.235.1</ip>
 <referer>http://www.cs.umb.edu/~joecohen/mouse/?name=gopelaez</referer>
 <date>Tue May 8 18:12:32 EDT 2012</date>
 <userAgent>Mozilla/5.0 (Macintosh; Intel Mac OS X 10_6_8) AppleWebKit/535.19 (KHTML, like Gecko) Chrome/18.0.1025.168 Safari/535.19</userAgent>
 <userLang>en-US,en;q=0.8</userLang>
 <data>  
8,301, 444,103
8,312, 433,119
8,325, 417,136
8,336, 403,153
8,345, 395,169
8,354, 388,186
8,357, 385,203
8,359, 383,219
8,363, 381,236
8,366, 378,252
8,373, 372,269
8,377, 370,286
8,378, 369,303
8,379, 368,319
8,381, 368,353
8,382, 367,370
8,383, 367,420
8,384, 366,436
8,389, 364,453
8,397, 360,469
8,402, 357,486
8,404, 356,503
8,405, 356,519
8,406, 356,553
8,406, 354,570
8,408, 353,587
6,407, 353,903
6,404, 353,920
6,395, 355,937
6,383, 357,953
6,369, 358,970
6,354, 360,987
6,340, 363,1003
6,328, 364,1020
6,314, 366,1037
6,299, 367,1053
6,288, 368,1070
6,276, 369,1087
6,264, 369,1104
6,248, 370,1120
6,235, 371,1136
6,223, 371,1153
6,208, 371,1170
6,199, 369,1187
6,192, 367,1203
6,188, 366,1220
6,184, 365,1237
6,183, 364,1253
6,183, 362,1287
6,184, 360,1303
6,184, 358,1320
6,185, 357,1337
6,185, 355,1370
4,185, 354,1604
4,193, 352,1621
4,210, 347,1637
4,235, 336,1654
4,265, 322,1671
4,291, 310,1687
4,327, 297,1704
4,357, 286,1721
4,371, 280,1737
4,376, 277,1754
4,377, 276,1771
4,377, 274,1788
4,379, 272,1838
4,379, 270,1854
4,381, 269,1871
4,383, 268,1888
4,385, 268,1904
4,389, 266,1921
4,394, 262,1937
4,397, 261,1954
4,398, 260,2038
4,398, 258,2054
4,399, 255,2071
4,400, 253,2087
3,397, 255,2338
3,390, 262,2354
3,381, 272,2371
3,368, 286,2388
3,356, 299,2404
3,342, 312,2421
3,332, 323,2438
3,324, 329,2454
3,316, 335,2472
3,308, 343,2488
3,302, 349,2505
3,297, 353,2521
3,293, 356,2538
3,290, 359,2555
3,289, 360,2571
3,287, 361,2605
5,287, 362,2989
5,293, 366,3005
5,307, 376,3022
5,328, 391,3038
5,351, 410,3055
5,374, 431,3072
5,388, 443,3089
5,392, 447,3105
</data>

</pull>

