<pull>
 <ip>158.121.95.80</ip>
 <referer>http://www.cs.umb.edu/~joecohen/mouse/?name=hen</referer>
 <date>Mon May 7 12:27:18 EDT 2012</date>
 <userAgent>Mozilla/5.0 (X11; Linux x86_64) AppleWebKit/535.19 (KHTML, like Gecko) Ubuntu/11.04 Chromium/18.0.1025.151 Chrome/18.0.1025.151 Safari/535.19</userAgent>
 <userLang>en-US,en;q=0.8</userLang>
 <data>  
8,310, 460,7
8,309, 460,15
8,310, 460,198
8,310, 459,206
8,311, 459,214
8,313, 457,222
8,315, 455,231
8,317, 453,239
8,321, 450,247
8,327, 446,255
8,333, 440,262
8,339, 434,270
8,346, 427,278
8,353, 421,286
8,358, 411,294
8,364, 404,302
8,369, 398,310
8,372, 392,318
8,374, 388,327
8,375, 386,335
8,375, 385,446
8,376, 385,454
8,376, 384,462
8,377, 384,470
8,377, 382,478
8,378, 381,486
8,379, 380,494
8,379, 379,502
8,380, 378,510
8,380, 377,518
8,380, 376,526
8,381, 375,534
8,381, 373,542
8,382, 372,550
8,382, 370,559
8,384, 368,566
8,384, 367,574
8,385, 366,582
8,386, 365,590
8,386, 364,598
8,387, 364,606
8,387, 363,614
8,388, 363,622
8,388, 362,630
8,389, 362,646
8,389, 361,654
8,390, 361,662
8,391, 360,670
8,393, 359,678
8,394, 358,687
8,395, 356,694
8,396, 356,702
8,396, 355,710
6,396, 354,1054
6,395, 354,1062
6,394, 354,1070
6,392, 353,1078
6,390, 352,1086
6,387, 352,1094
6,384, 352,1102
6,381, 351,1110
6,378, 351,1119
6,374, 351,1127
6,370, 351,1134
6,364, 351,1142
6,355, 351,1150
6,347, 351,1158
6,336, 351,1166
6,324, 353,1174
6,314, 354,1183
6,304, 354,1190
6,293, 354,1198
6,283, 354,1206
6,272, 354,1214
6,262, 354,1223
6,252, 356,1230
6,241, 356,1238
6,231, 358,1246
6,222, 358,1254
6,214, 358,1262
6,207, 358,1270
6,200, 358,1279
6,196, 358,1286
6,193, 358,1294
6,192, 358,1302
6,191, 358,1310
6,190, 358,1318
6,189, 358,1430
6,188, 358,1438
6,187, 358,1447
6,186, 358,1454
6,185, 358,1462
6,184, 358,1470
6,183, 358,1478
6,182, 358,1502
6,182, 357,1518
6,181, 357,1527
6,181, 356,1534
4,181, 355,1783
4,182, 354,1790
4,183, 352,1798
4,185, 349,1806
4,188, 345,1814
4,193, 339,1822
4,200, 332,1830
4,207, 324,1839
4,216, 318,1846
4,225, 314,1854
4,233, 309,1862
4,242, 308,1870
4,252, 305,1878
4,260, 303,1886
4,268, 301,1894
4,276, 301,1902
4,285, 300,1910
4,293, 300,1918
4,300, 300,1926
4,308, 300,1935
4,317, 300,1942
4,323, 300,1950
4,328, 300,1958
4,333, 300,1966
4,338, 300,1974
4,343, 298,1982
4,346, 298,1990
4,348, 298,1998
4,350, 298,2007
4,352, 297,2014
4,357, 297,2022
4,361, 296,2030
4,365, 295,2038
4,369, 294,2046
4,373, 292,2054
4,375, 291,2062
4,378, 290,2070
4,381, 289,2078
4,383, 288,2086
4,385, 286,2094
4,387, 285,2102
4,389, 284,2110
4,391, 283,2118
4,393, 282,2127
4,394, 281,2134
4,395, 280,2142
4,395, 279,2150
4,396, 279,2158
4,397, 278,2167
4,397, 277,2174
4,397, 276,2182
4,397, 275,2190
4,397, 274,2198
4,397, 273,2214
4,397, 272,2222
4,397, 271,2230
4,397, 270,2239
4,397, 269,2247
4,397, 267,2254
4,397, 266,2262
4,397, 264,2270
4,397, 263,2278
4,397, 262,2286
4,398, 262,2294
4,398, 261,2302
4,398, 260,2310
4,398, 259,2326
4,398, 258,2334
4,398, 257,2342
4,399, 256,2351
4,399, 255,2366
3,399, 256,2582
3,399, 257,2590
3,399, 258,2598
3,398, 259,2606
3,396, 261,2614
3,395, 264,2622
3,393, 267,2630
3,390, 270,2639
3,387, 275,2647
3,382, 282,2654
3,376, 289,2662
3,369, 298,2670
3,359, 308,2678
3,350, 318,2686
3,341, 329,2694
3,332, 339,2702
3,324, 348,2710
3,315, 356,2719
3,308, 364,2727
3,302, 371,2735
3,295, 377,2743
3,290, 382,2750
3,287, 383,2758
3,284, 386,2767
3,284, 385,2854
3,284, 384,2862
3,284, 383,2870
3,284, 382,2878
3,285, 381,2886
3,285, 380,2894
3,285, 379,2902
3,285, 377,2910
3,285, 375,2918
3,286, 373,2927
3,287, 371,2935
3,287, 369,2943
3,287, 368,2950
3,287, 367,2958
3,287, 366,2966
3,287, 365,2974
5,288, 365,3263
5,288, 366,3271
5,288, 367,3279
5,289, 368,3287
5,290, 370,3295
5,292, 372,3303
5,295, 376,3310
5,297, 379,3318
5,300, 382,3327
5,303, 385,3334
5,306, 388,3343
5,310, 392,3351
5,315, 397,3358
5,320, 404,3367
5,325, 410,3374
5,331, 414,3383
5,336, 419,3390
5,342, 424,3399
5,346, 429,3407
5,350, 434,3414
5,353, 437,3423
5,357, 439,3431
5,360, 440,3439
5,361, 441,3447
5,362, 441,3454
5,363, 442,3462
5,365, 442,3471
5,366, 442,3479
5,367, 442,3487
5,368, 442,3494
5,369, 442,3503
5,370, 442,3511
5,371, 442,3518
5,372, 442,3527
5,373, 442,3534
5,374, 442,3543
5,375, 442,3551
5,376, 442,3559
5,377, 442,3567
5,378, 442,3574
5,379, 442,3583
5,380, 442,3599
5,381, 442,3615
5,382, 442,3631
5,382, 443,3639
5,383, 443,3647
5,384, 443,3654
5,385, 444,3662
5,386, 445,3671
5,387, 445,3679
5,388, 446,3687
5,388, 447,3694
5,389, 447,3702
5,390, 448,3711
5,391, 448,3718
5,392, 449,3727
5,393, 450,3734
5,394, 450,3743
5,394, 451,3751
5,395, 451,3759
5,396, 451,3767
</data>

</pull>

<pull>
 <ip>158.121.95.80</ip>
 <referer>http://www.cs.umb.edu/~joecohen/mouse/?name=hen</referer>
 <date>Mon May 7 12:27:26 EDT 2012</date>
 <userAgent>Mozilla/5.0 (X11; Linux x86_64) AppleWebKit/535.19 (KHTML, like Gecko) Ubuntu/11.04 Chromium/18.0.1025.151 Chrome/18.0.1025.151 Safari/535.19</userAgent>
 <userLang>en-US,en;q=0.8</userLang>
 <data>  
8,304, 455,87
8,304, 454,95
8,305, 452,102
8,307, 449,110
8,309, 445,118
8,311, 443,126
8,313, 439,135
8,316, 435,143
8,320, 429,150
8,325, 424,159
8,331, 417,166
8,336, 412,175
8,340, 408,182
8,346, 404,190
8,350, 400,198
8,353, 396,206
8,357, 393,215
8,359, 392,222
8,360, 390,230
8,361, 389,238
8,362, 388,246
8,364, 387,255
8,365, 385,262
8,366, 384,270
8,367, 382,278
8,369, 381,286
8,370, 380,295
8,371, 378,302
8,372, 377,310
8,373, 376,318
8,373, 375,326
8,374, 374,335
8,375, 373,342
8,376, 371,350
8,377, 370,359
8,378, 368,366
8,379, 367,375
8,380, 366,383
8,381, 365,391
8,382, 364,399
8,383, 363,406
8,383, 362,415
8,384, 361,422
8,385, 360,430
8,386, 359,438
8,387, 357,447
8,388, 356,455
8,390, 355,462
8,391, 353,470
8,391, 354,478
8,392, 354,486
8,393, 353,495
8,394, 353,502
8,395, 352,510
8,395, 351,518
8,396, 351,526
8,397, 350,535
8,398, 350,542
8,400, 349,550
8,401, 349,559
8,402, 349,566
8,402, 348,575
6,401, 348,815
6,400, 348,822
6,399, 348,830
6,398, 348,838
6,397, 348,846
6,395, 349,854
6,392, 349,862
6,388, 349,870
6,383, 349,878
6,378, 350,887
6,367, 350,895
6,355, 350,902
6,342, 350,910
6,328, 350,918
6,313, 352,927
6,298, 352,934
6,285, 352,942
6,272, 352,950
6,259, 354,959
6,246, 354,966
6,235, 356,975
6,225, 356,982
6,216, 356,990
6,209, 356,998
6,202, 356,1007
6,200, 356,1015
6,198, 356,1022
6,198, 357,1030
6,197, 357,1191
6,196, 357,1222
6,195, 357,1230
6,194, 357,1246
6,194, 356,1255
4,195, 356,1551
4,196, 356,1559
4,197, 355,1566
4,200, 353,1575
4,205, 351,1583
4,213, 347,1591
4,222, 343,1598
4,236, 336,1606
4,251, 331,1615
4,266, 324,1622
4,285, 317,1630
4,302, 311,1638
4,318, 306,1646
4,333, 302,1655
4,347, 298,1662
4,358, 294,1670
4,367, 292,1679
4,376, 289,1687
4,383, 285,1695
4,389, 282,1703
4,393, 280,1710
4,397, 277,1719
4,398, 274,1727
4,399, 273,1735
4,401, 271,1742
4,403, 267,1751
4,405, 263,1759
4,407, 260,1767
4,409, 257,1775
4,410, 255,1782
4,412, 253,1791
4,413, 251,1799
4,414, 248,1807
4,415, 247,1815
4,416, 244,1823
4,417, 243,1830
4,418, 240,1838
4,419, 239,1847
4,420, 238,1855
4,420, 237,1863
4,421, 236,1870
4,421, 235,1878
4,422, 235,1886
4,422, 236,2134
4,422, 237,2142
4,422, 238,2150
4,422, 239,2158
4,421, 239,2166
4,421, 240,2174
4,421, 241,2182
4,421, 242,2190
4,420, 242,2198
4,420, 243,2207
3,419, 244,2407
3,419, 245,2415
3,417, 247,2422
3,414, 250,2430
3,412, 252,2438
3,409, 256,2446
3,405, 262,2454
3,399, 269,2462
3,393, 276,2471
3,385, 283,2478
3,377, 289,2486
3,370, 295,2495
3,363, 301,2502
3,356, 307,2510
3,349, 312,2518
3,342, 316,2526
3,336, 321,2534
3,330, 325,2542
3,325, 329,2550
3,320, 333,2558
3,319, 334,2566
3,317, 335,2575
3,317, 336,2582
3,316, 337,2590
3,316, 338,2598
3,315, 338,2607
3,315, 339,2614
3,314, 339,2623
3,314, 340,2630
3,313, 341,2638
3,312, 341,2646
3,312, 342,2655
3,311, 342,2662
3,310, 343,2670
3,309, 344,2678
3,308, 345,2686
3,307, 345,2694
3,306, 346,2702
3,305, 346,2758
3,305, 347,2766
3,304, 347,2775
3,304, 348,2790
3,303, 348,2798
5,304, 348,2983
5,304, 349,2990
5,305, 349,2998
5,307, 351,3006
5,309, 354,3014
5,312, 357,3022
5,316, 360,3031
5,322, 366,3038
5,329, 372,3046
5,338, 379,3055
5,348, 387,3062
5,360, 396,3070
5,372, 403,3078
5,384, 412,3086
5,395, 418,3095
5,406, 423,3102
5,414, 428,3110
5,422, 432,3119
5,429, 436,3127
5,435, 440,3135
5,439, 442,3142
5,441, 443,3150
5,442, 444,3158
5,442, 445,3166
5,443, 445,3175
5,442, 445,3286
5,442, 446,3295
5,441, 446,3302
5,440, 447,3310
5,438, 447,3318
5,437, 448,3326
5,436, 449,3335
5,434, 450,3342
5,432, 451,3350
5,431, 451,3358
5,429, 452,3366
5,427, 453,3375
5,426, 454,3382
5,424, 454,3391
5,423, 455,3398
5,422, 455,3406
5,421, 455,3415
5,419, 456,3422
5,418, 456,3430
5,417, 456,3438
5,416, 456,3446
5,416, 457,3455
5,415, 457,3462
5,414, 457,3470
</data>

</pull>

<pull>
 <ip>158.121.95.80</ip>
 <referer>http://www.cs.umb.edu/~joecohen/mouse/?name=hen</referer>
 <date>Mon May 7 12:27:31 EDT 2012</date>
 <userAgent>Mozilla/5.0 (X11; Linux x86_64) AppleWebKit/535.19 (KHTML, like Gecko) Ubuntu/11.04 Chromium/18.0.1025.151 Chrome/18.0.1025.151 Safari/535.19</userAgent>
 <userLang>en-US,en;q=0.8</userLang>
 <data>  
8,294, 451,79
8,295, 451,86
8,296, 449,94
8,297, 446,102
8,300, 443,111
8,303, 439,118
8,308, 433,126
8,314, 425,135
8,320, 418,142
8,327, 411,150
8,335, 403,158
8,341, 397,166
8,347, 392,174
8,353, 387,182
8,358, 382,191
8,361, 379,198
8,364, 378,206
8,365, 376,214
8,366, 375,222
8,367, 374,231
8,368, 373,238
8,368, 371,246
8,369, 369,254
8,371, 368,262
8,372, 366,270
8,373, 365,278
8,374, 364,286
8,375, 362,294
8,375, 361,302
8,376, 360,311
8,377, 359,318
8,378, 359,326
8,378, 358,334
8,379, 358,342
8,379, 357,350
8,380, 357,359
8,380, 356,366
8,381, 356,375
8,382, 355,382
8,383, 355,391
8,384, 354,398
8,385, 354,414
8,386, 353,422
8,387, 353,430
8,387, 352,438
8,388, 352,446
8,389, 351,454
8,391, 351,462
8,392, 351,470
6,391, 351,727
6,390, 351,734
6,388, 351,742
6,385, 352,751
6,381, 353,758
6,377, 354,767
6,372, 355,774
6,364, 357,782
6,357, 357,791
6,348, 358,798
6,338, 358,806
6,327, 358,814
6,317, 358,822
6,307, 358,831
6,297, 360,838
6,288, 360,846
6,279, 360,854
6,271, 360,862
6,264, 362,871
6,259, 362,878
6,254, 362,886
6,250, 362,894
6,246, 362,902
6,242, 362,911
6,239, 362,918
6,237, 362,926
6,235, 362,934
6,234, 362,942
6,232, 362,951
6,231, 362,958
6,230, 362,966
6,229, 362,974
6,228, 362,1006
6,227, 362,1022
6,226, 362,1031
6,225, 362,1038
6,224, 362,1046
6,223, 362,1054
6,222, 362,1062
6,221, 362,1071
6,219, 362,1078
6,216, 362,1086
6,214, 362,1094
6,211, 362,1102
6,208, 362,1111
6,205, 362,1119
6,203, 361,1127
6,200, 361,1134
6,198, 361,1142
6,195, 360,1151
6,193, 360,1158
6,192, 360,1166
6,190, 359,1174
6,189, 359,1182
6,188, 359,1191
6,187, 359,1198
4,188, 359,1559
4,188, 358,1566
4,189, 358,1574
4,190, 357,1582
4,192, 355,1591
4,195, 353,1598
4,198, 351,1606
4,203, 348,1614
4,211, 344,1623
4,220, 340,1631
4,230, 336,1638
4,242, 332,1646
4,253, 327,1657
4,265, 323,1662
4,278, 320,1671
4,291, 316,1678
4,303, 312,1686
4,315, 310,1694
4,328, 307,1702
4,339, 304,1711
4,350, 300,1718
4,361, 296,1726
4,371, 292,1734
4,378, 288,1742
4,385, 284,1750
4,392, 280,1758
4,396, 278,1766
4,399, 276,1774
4,400, 275,1782
4,402, 274,1791
4,402, 273,1798
4,403, 273,1806
4,403, 272,1814
4,404, 272,1830
4,404, 271,1903
4,404, 270,1911
4,404, 269,1919
4,405, 269,1926
4,406, 267,1934
4,406, 266,1942
4,407, 265,1951
3,406, 265,2247
3,405, 266,2254
3,404, 268,2262
3,401, 270,2271
3,399, 272,2279
3,396, 274,2286
3,393, 277,2294
3,390, 279,2302
3,386, 282,2311
3,381, 286,2318
3,376, 289,2326
3,370, 292,2334
3,365, 293,2342
3,361, 296,2351
3,357, 297,2358
3,356, 298,2366
3,354, 299,2374
3,353, 301,2382
3,352, 302,2391
3,351, 303,2398
3,349, 305,2406
3,348, 307,2414
3,346, 309,2422
3,345, 310,2431
3,343, 312,2438
3,342, 314,2446
3,341, 315,2454
3,339, 316,2462
3,339, 317,2471
3,338, 317,2478
3,337, 318,2551
3,336, 319,2558
3,335, 319,2566
3,333, 321,2574
3,331, 323,2582
3,329, 325,2591
3,326, 326,2598
3,324, 328,2606
3,322, 329,2614
3,320, 331,2622
3,318, 333,2631
3,316, 334,2638
3,314, 336,2647
3,312, 338,2654
3,310, 340,2662
3,308, 341,2671
3,307, 343,2678
3,306, 344,2686
3,305, 345,2694
3,304, 346,2702
3,304, 347,2718
3,303, 347,2726
3,303, 348,2742
5,303, 349,3047
5,303, 350,3054
5,304, 353,3062
5,306, 356,3071
5,308, 359,3078
5,310, 364,3086
5,314, 371,3095
5,318, 378,3103
5,322, 386,3111
5,327, 394,3119
5,332, 402,3126
5,338, 410,3134
5,345, 418,3142
5,351, 425,3151
5,359, 431,3158
5,367, 436,3166
5,373, 440,3174
5,379, 445,3182
5,386, 449,3191
5,391, 452,3198
5,397, 454,3206
5,401, 456,3214
5,404, 457,3222
5,405, 458,3231
5,406, 458,3238
5,407, 459,3246
5,408, 459,3254
5,409, 459,3262
5,410, 460,3271
5,411, 460,3278
5,412, 460,3294
5,412, 461,3302
5,413, 461,3318
5,414, 461,3342
</data>

</pull>

<pull>
 <ip>158.121.95.80</ip>
 <referer>http://www.cs.umb.edu/~joecohen/mouse/?name=hen</referer>
 <date>Mon May 7 12:27:37 EDT 2012</date>
 <userAgent>Mozilla/5.0 (X11; Linux x86_64) AppleWebKit/535.19 (KHTML, like Gecko) Ubuntu/11.04 Chromium/18.0.1025.151 Chrome/18.0.1025.151 Safari/535.19</userAgent>
 <userLang>en-US,en;q=0.8</userLang>
 <data>  
8,297, 444,63
8,297, 443,70
8,298, 443,79
8,299, 440,86
8,301, 438,94
8,304, 435,102
8,309, 430,111
8,316, 423,119
8,323, 417,126
8,331, 413,134
8,337, 408,142
8,343, 403,150
8,348, 399,159
8,352, 395,166
8,357, 392,174
8,362, 389,183
8,367, 385,190
8,372, 380,199
8,376, 375,206
8,381, 370,215
8,386, 364,222
8,390, 359,230
8,394, 355,239
8,393, 354,246
8,393, 353,254
8,393, 352,262
8,394, 350,270
8,395, 349,279
8,396, 348,286
8,396, 347,294
8,396, 346,310
8,397, 346,319
8,397, 345,334
8,398, 345,342
8,399, 345,430
8,400, 345,454
8,400, 344,463
8,401, 344,470
6,400, 344,630
6,399, 344,647
6,398, 344,663
6,397, 344,671
6,394, 344,679
6,391, 344,687
6,387, 345,695
6,382, 345,703
6,373, 347,711
6,362, 347,718
6,349, 347,726
6,333, 347,735
6,316, 349,742
6,298, 349,751
6,280, 349,758
6,262, 347,767
6,244, 347,774
6,226, 347,782
6,209, 347,790
6,196, 345,799
6,183, 345,806
6,172, 345,814
6,163, 343,822
6,156, 343,831
6,152, 343,839
6,150, 343,846
6,151, 343,1038
6,152, 343,1046
6,153, 343,1054
6,155, 343,1062
6,157, 343,1070
6,160, 342,1079
6,162, 342,1087
6,164, 342,1094
6,165, 342,1102
6,166, 342,1110
6,167, 342,1119
6,168, 342,1126
6,169, 342,1142
6,170, 342,1174
6,170, 343,1198
6,171, 343,1206
6,172, 343,1246
6,173, 343,1270
6,174, 343,1302
6,174, 344,1318
6,175, 344,1326
6,177, 344,1334
6,178, 344,1342
6,180, 344,1350
6,183, 344,1359
6,184, 345,1366
6,186, 345,1374
6,187, 345,1382
6,188, 345,1390
4,188, 344,1542
4,190, 342,1550
4,193, 339,1559
4,198, 334,1566
4,208, 326,1575
4,219, 317,1582
4,233, 304,1590
4,248, 295,1599
4,263, 286,1606
4,276, 276,1614
4,293, 266,1623
4,306, 259,1630
4,321, 250,1639
4,336, 241,1646
4,351, 234,1654
4,366, 227,1663
4,380, 220,1670
4,395, 213,1679
4,408, 208,1686
4,421, 204,1695
4,432, 202,1703
4,441, 199,1711
4,448, 199,1719
4,454, 198,1727
4,455, 198,1735
4,456, 197,1743
4,456, 198,1815
4,456, 199,1822
4,456, 201,1830
4,456, 204,1839
4,456, 206,1847
4,456, 208,1855
4,455, 211,1863
4,454, 213,1871
4,454, 215,1879
4,452, 218,1886
4,450, 221,1895
4,449, 223,1903
4,446, 225,1911
4,443, 227,1919
4,438, 231,1927
4,434, 235,1935
4,430, 235,1943
4,428, 237,1951
4,426, 238,1959
4,424, 239,1967
4,423, 240,1975
4,422, 240,1983
4,421, 240,1991
4,420, 241,1999
4,419, 241,2015
4,419, 242,2039
4,417, 242,2047
4,416, 243,2055
4,414, 244,2063
4,413, 244,2071
4,411, 245,2079
4,410, 245,2087
4,408, 246,2094
4,407, 246,2102
4,407, 247,2110
3,406, 247,2271
3,406, 248,2278
3,405, 249,2286
3,404, 251,2294
3,402, 253,2303
3,399, 257,2310
3,395, 264,2319
3,389, 271,2327
3,383, 279,2335
3,377, 287,2343
3,370, 296,2351
3,363, 305,2359
3,355, 314,2366
3,347, 322,2374
3,341, 329,2382
3,334, 335,2391
3,330, 340,2399
3,326, 345,2406
3,325, 348,2415
3,324, 348,2422
3,324, 349,2430
3,323, 350,2439
3,323, 351,2471
3,322, 351,2511
3,322, 352,2519
3,321, 352,2526
3,321, 353,2535
3,320, 355,2543
3,319, 356,2551
3,317, 358,2559
3,315, 359,2567
3,315, 360,2574
3,314, 360,2583
3,313, 360,2590
3,312, 360,2606
3,311, 360,2622
3,310, 360,2631
3,309, 360,2639
3,308, 360,2647
3,307, 360,2655
3,306, 360,2663
3,304, 360,2671
3,302, 360,2679
3,300, 359,2686
3,298, 359,2695
3,297, 359,2702
3,295, 359,2710
3,294, 359,2719
5,295, 359,2919
5,295, 360,2927
5,296, 360,2935
5,297, 363,2943
5,299, 366,2951
5,301, 370,2959
5,305, 374,2967
5,310, 381,2974
5,315, 388,2982
5,321, 395,2990
5,327, 401,2999
5,334, 407,3006
5,340, 413,3014
5,346, 418,3022
5,352, 422,3030
5,357, 425,3039
5,361, 430,3046
5,363, 431,3054
5,365, 433,3062
5,365, 434,3070
5,366, 434,3079
5,366, 435,3086
5,367, 435,3094
5,368, 435,3110
5,369, 435,3119
5,369, 436,3126
5,370, 436,3134
5,371, 436,3142
5,373, 436,3150
5,374, 437,3159
5,377, 437,3166
5,378, 437,3174
5,380, 438,3183
5,382, 438,3191
5,384, 439,3199
5,386, 440,3206
5,388, 440,3214
5,389, 441,3222
5,391, 441,3230
5,392, 442,3239
5,393, 442,3246
5,394, 443,3254
5,395, 443,3262
5,395, 444,3279
5,396, 444,3279
5,397, 445,3286
5,398, 446,3294
5,399, 447,3302
5,399, 448,3310
5,400, 448,3319
5,400, 449,3326
</data>

</pull>

<pull>
 <ip>158.121.95.80</ip>
 <referer>http://www.cs.umb.edu/~joecohen/mouse/?name=hen</referer>
 <date>Mon May 7 12:27:42 EDT 2012</date>
 <userAgent>Mozilla/5.0 (X11; Linux x86_64) AppleWebKit/535.19 (KHTML, like Gecko) Ubuntu/11.04 Chromium/18.0.1025.151 Chrome/18.0.1025.151 Safari/535.19</userAgent>
 <userLang>en-US,en;q=0.8</userLang>
 <data>  
8,300, 448,70
8,301, 447,77
8,302, 445,85
8,303, 443,93
8,304, 440,101
8,305, 438,110
8,307, 435,117
8,308, 433,125
8,310, 430,134
8,312, 427,141
8,315, 422,149
8,319, 417,157
8,322, 410,165
8,327, 405,173
8,332, 400,181
8,336, 396,189
8,340, 392,197
8,343, 390,205
8,346, 389,213
8,347, 388,221
8,348, 388,229
8,349, 387,237
8,350, 387,245
8,351, 387,253
8,351, 386,261
8,352, 386,269
8,353, 386,285
8,354, 385,293
8,355, 385,309
8,355, 384,317
8,357, 383,325
8,358, 383,333
8,360, 382,341
8,362, 381,349
8,364, 380,357
8,366, 378,365
8,368, 377,373
8,370, 375,381
8,372, 373,390
8,374, 372,397
8,376, 371,405
8,377, 370,413
8,378, 369,421
8,379, 368,430
8,381, 367,438
8,382, 365,445
8,384, 363,453
8,386, 361,461
8,388, 359,470
8,390, 357,477
8,392, 356,485
8,394, 355,493
8,395, 354,501
8,396, 354,509
8,396, 353,517
8,397, 353,525
8,398, 353,557
8,398, 352,573
8,399, 352,581
8,400, 352,590
8,400, 351,597
8,401, 351,605
6,400, 351,806
6,399, 351,814
6,398, 352,822
6,396, 353,830
6,392, 354,838
6,389, 355,846
6,385, 356,854
6,379, 357,862
6,369, 359,870
6,360, 359,877
6,349, 359,886
6,337, 359,894
6,324, 359,902
6,310, 359,910
6,296, 359,917
6,282, 359,926
6,268, 359,934
6,256, 359,941
6,244, 359,950
6,233, 359,958
6,224, 359,966
6,217, 359,974
6,212, 359,982
6,210, 359,990
6,209, 359,1094
6,208, 359,1110
6,207, 359,1134
6,206, 359,1166
6,205, 359,1174
6,204, 359,1182
6,203, 359,1190
6,202, 359,1198
6,201, 359,1206
6,200, 359,1214
6,198, 359,1222
6,197, 359,1230
6,196, 359,1238
6,195, 358,1246
4,196, 358,1470
4,196, 357,1477
4,198, 356,1485
4,201, 354,1493
4,206, 351,1502
4,214, 346,1510
4,224, 340,1517
4,236, 332,1525
4,253, 326,1533
4,272, 319,1541
4,292, 311,1550
4,315, 303,1557
4,338, 296,1565
4,360, 290,1573
4,379, 284,1582
4,394, 279,1590
4,407, 274,1597
4,416, 272,1605
4,423, 270,1614
4,427, 267,1622
4,429, 266,1630
4,430, 266,1637
4,430, 265,1646
4,430, 264,1662
4,430, 263,1774
4,430, 262,1782
4,429, 262,1790
4,429, 260,1797
4,428, 259,1806
4,428, 258,1814
4,427, 257,1822
4,426, 257,1830
4,426, 256,1838
4,425, 256,1846
4,425, 255,1854
4,424, 255,1862
4,424, 254,1870
4,423, 253,1878
4,422, 252,1886
4,420, 251,1894
4,419, 250,1902
4,418, 250,1910
4,417, 249,1918
4,416, 249,1926
3,416, 250,2182
3,415, 251,2190
3,413, 253,2198
3,412, 255,2206
3,409, 258,2214
3,407, 261,2221
3,404, 265,2230
3,400, 271,2238
3,395, 276,2246
3,390, 282,2253
3,383, 289,2262
3,375, 297,2270
3,368, 304,2278
3,361, 312,2286
3,354, 318,2293
3,347, 324,2301
3,340, 331,2310
3,333, 336,2317
3,326, 339,2325
3,321, 343,2333
3,317, 345,2341
3,315, 346,2350
3,314, 347,2358
3,313, 347,2365
3,313, 348,2445
3,312, 348,2453
3,311, 350,2461
3,310, 351,2470
3,309, 352,2477
3,308, 353,2485
3,308, 354,2493
3,307, 354,2501
5,307, 355,2733
5,307, 356,2758
5,308, 356,2766
5,308, 357,2774
5,310, 359,2782
5,312, 362,2790
5,314, 365,2797
5,317, 368,2806
5,322, 373,2814
5,329, 380,2821
5,336, 386,2830
5,345, 394,2837
5,355, 402,2845
5,365, 410,2853
5,374, 417,2861
5,383, 424,2870
5,391, 430,2877
5,397, 436,2886
5,403, 440,2893
5,407, 442,2901
5,409, 444,2910
5,410, 444,2917
</data>

</pull>

<pull>
 <ip>158.121.95.80</ip>
 <referer>http://www.cs.umb.edu/~joecohen/mouse/?name=hen</referer>
 <date>Mon May 7 12:27:48 EDT 2012</date>
 <userAgent>Mozilla/5.0 (X11; Linux x86_64) AppleWebKit/535.19 (KHTML, like Gecko) Ubuntu/11.04 Chromium/18.0.1025.151 Chrome/18.0.1025.151 Safari/535.19</userAgent>
 <userLang>en-US,en;q=0.8</userLang>
 <data>  
8,285, 451,70
8,285, 450,77
8,286, 450,85
8,287, 447,93
8,289, 444,101
8,292, 440,110
8,294, 437,117
8,299, 430,126
8,306, 422,133
8,312, 413,141
8,320, 404,150
8,328, 397,157
8,336, 390,165
8,342, 383,173
8,348, 377,181
8,352, 372,190
8,354, 369,197
8,355, 368,205
8,356, 368,213
8,356, 367,221
8,357, 367,253
8,358, 367,270
8,358, 366,277
8,359, 366,285
8,360, 365,293
8,362, 365,302
8,363, 364,310
8,364, 363,317
8,365, 363,325
8,366, 363,333
8,366, 362,350
8,367, 362,357
8,368, 362,365
8,368, 361,373
8,369, 361,381
8,370, 361,390
8,371, 361,397
8,372, 360,405
8,373, 360,413
8,375, 359,421
8,376, 359,430
8,377, 359,437
8,378, 359,453
8,379, 359,461
8,380, 359,478
8,381, 359,486
8,382, 359,493
8,383, 359,501
8,384, 359,510
8,385, 359,517
8,386, 359,525
8,387, 359,533
8,388, 359,541
8,389, 359,550
8,390, 358,557
8,391, 358,565
8,392, 358,573
8,393, 357,581
8,394, 357,590
8,395, 357,597
8,396, 357,605
8,396, 356,613
8,397, 356,629
6,396, 356,846
6,395, 356,869
6,394, 356,877
6,394, 357,885
6,393, 357,893
6,391, 357,901
6,388, 359,910
6,383, 359,917
6,375, 361,926
6,364, 362,933
6,352, 364,941
6,338, 364,950
6,322, 366,957
6,304, 368,966
6,284, 370,973
6,264, 372,982
6,245, 372,990
6,227, 374,997
6,210, 376,1005
6,195, 376,1013
6,182, 378,1021
6,171, 380,1030
6,164, 380,1037
6,158, 380,1045
6,157, 380,1053
6,158, 380,1173
6,158, 379,1181
6,159, 378,1190
6,160, 377,1197
6,160, 376,1206
6,161, 375,1213
6,162, 375,1221
6,162, 374,1230
6,163, 373,1237
6,164, 373,1245
6,165, 372,1253
6,166, 371,1262
6,167, 371,1269
6,167, 370,1278
6,168, 370,1325
4,168, 369,1638
4,169, 369,1645
4,170, 368,1653
4,173, 366,1661
4,177, 364,1670
4,183, 360,1677
4,190, 355,1685
4,199, 348,1693
4,211, 340,1702
4,224, 331,1710
4,239, 323,1717
4,254, 314,1725
4,268, 305,1733
4,285, 297,1741
4,300, 288,1750
4,314, 281,1757
4,331, 274,1765
4,346, 267,1773
4,357, 261,1781
4,367, 256,1790
4,376, 254,1798
4,383, 251,1806
4,389, 250,1813
4,389, 251,1821
4,390, 251,1830
4,389, 251,1837
4,390, 251,1877
4,391, 251,1901
4,392, 251,1917
4,393, 251,1925
4,394, 251,1933
4,395, 251,1941
4,396, 251,1950
4,397, 251,1957
4,398, 251,1965
4,399, 251,1973
4,400, 252,1981
4,401, 252,1990
4,402, 252,1997
4,403, 252,2005
4,404, 252,2013
4,404, 253,2021
3,403, 253,2214
3,403, 254,2221
3,403, 255,2229
3,401, 257,2237
3,399, 258,2246
3,396, 262,2253
3,393, 266,2262
3,387, 271,2270
3,381, 279,2278
3,374, 286,2285
3,368, 293,2293
3,361, 300,2301
3,353, 308,2310
3,347, 314,2317
3,341, 320,2325
3,334, 324,2333
3,328, 328,2341
3,324, 331,2350
3,319, 335,2357
3,315, 337,2366
3,312, 338,2374
3,309, 340,2382
3,306, 341,2390
3,304, 343,2397
3,302, 344,2405
3,301, 344,2413
3,300, 345,2421
3,299, 345,2430
3,298, 345,2477
5,298, 346,2790
5,299, 346,2797
5,299, 348,2805
5,300, 350,2813
5,302, 353,2821
5,305, 356,2830
5,309, 361,2837
5,312, 367,2845
5,316, 373,2854
5,322, 379,2861
5,328, 385,2870
5,333, 391,2878
5,339, 397,2885
5,346, 404,2893
5,352, 409,2901
5,359, 413,2910
5,365, 417,2918
5,369, 418,2926
5,370, 420,2934
5,371, 421,2942
5,372, 421,2950
5,373, 421,3006
5,374, 421,3014
5,374, 422,3022
5,375, 422,3030
5,376, 422,3038
5,377, 423,3046
5,378, 424,3054
5,379, 424,3062
5,380, 425,3070
5,382, 426,3078
5,383, 427,3085
5,385, 428,3094
5,388, 430,3102
5,390, 431,3110
5,393, 434,3118
5,395, 436,3126
5,397, 438,3134
5,399, 439,3142
5,401, 441,3150
5,403, 442,3157
5,404, 442,3166
5,406, 443,3174
5,407, 444,3181
5,408, 445,3190
5,409, 445,3309
</data>

</pull>

<pull>
 <ip>158.121.95.80</ip>
 <referer>http://www.cs.umb.edu/~joecohen/mouse/?name=hen</referer>
 <date>Mon May 7 12:27:55 EDT 2012</date>
 <userAgent>Mozilla/5.0 (X11; Linux x86_64) AppleWebKit/535.19 (KHTML, like Gecko) Ubuntu/11.04 Chromium/18.0.1025.151 Chrome/18.0.1025.151 Safari/535.19</userAgent>
 <userLang>en-US,en;q=0.8</userLang>
 <data>  
8,299, 463,47
8,301, 461,55
8,302, 459,63
8,303, 456,71
8,305, 454,78
8,307, 452,87
8,309, 449,95
8,311, 447,103
8,314, 444,111
8,316, 441,119
8,321, 436,126
8,326, 431,135
8,332, 425,143
8,338, 419,151
8,345, 413,158
8,351, 407,167
8,358, 402,174
8,364, 396,183
8,369, 392,191
8,374, 388,199
8,378, 386,207
8,380, 385,215
8,381, 384,223
8,382, 383,231
8,383, 383,255
8,383, 382,262
8,384, 382,278
8,384, 381,286
8,385, 381,295
8,385, 380,303
8,386, 379,311
8,387, 378,319
8,388, 377,327
8,389, 376,335
8,390, 375,343
8,391, 374,351
8,392, 372,359
8,393, 372,367
8,393, 371,375
8,394, 370,383
8,394, 369,390
8,395, 369,400
8,395, 368,407
8,396, 368,455
8,396, 367,463
6,395, 367,735
6,394, 367,743
6,393, 367,751
6,391, 367,759
6,388, 367,767
6,384, 368,775
6,380, 368,783
6,376, 368,791
6,371, 368,798
6,363, 368,806
6,353, 368,815
6,343, 368,823
6,332, 368,831
6,320, 368,839
6,309, 368,847
6,298, 368,855
6,287, 368,862
6,276, 368,871
6,264, 368,879
6,256, 368,887
6,247, 368,895
6,240, 368,903
6,236, 368,911
6,234, 368,918
6,233, 368,927
6,232, 368,1055
6,231, 368,1063
6,231, 367,1071
6,230, 367,1078
6,228, 366,1086
6,226, 365,1095
6,223, 364,1103
6,220, 362,1111
6,216, 361,1118
6,213, 359,1127
6,209, 359,1135
6,204, 358,1143
6,199, 356,1151
6,195, 356,1158
6,190, 356,1166
6,187, 356,1175
6,186, 356,1183
6,185, 356,1191
4,186, 356,1463
4,186, 355,1471
4,187, 355,1478
4,190, 353,1486
4,193, 350,1494
4,200, 345,1502
4,209, 339,1511
4,221, 332,1518
4,236, 325,1526
4,252, 317,1534
4,268, 308,1543
4,285, 301,1551
4,302, 294,1558
4,318, 287,1566
4,333, 280,1574
4,347, 275,1582
4,358, 270,1591
4,367, 265,1598
4,375, 263,1606
4,381, 261,1615
4,387, 259,1622
4,391, 257,1631
4,393, 255,1638
4,394, 255,1646
4,394, 254,1654
4,395, 253,1782
4,395, 252,1798
4,396, 252,1807
4,396, 251,1814
4,397, 251,1823
4,398, 251,1831
4,398, 250,1838
4,399, 250,1927
3,399, 251,2023
3,398, 251,2031
3,398, 252,2038
3,397, 252,2047
3,396, 254,2055
3,395, 255,2063
3,393, 257,2071
3,392, 259,2079
3,390, 262,2087
3,388, 265,2095
3,385, 269,2103
3,383, 273,2111
3,379, 279,2119
3,375, 285,2126
3,371, 291,2135
3,369, 294,2143
3,368, 296,2151
3,366, 299,2158
3,364, 304,2167
3,362, 308,2175
3,361, 311,2183
3,359, 312,2191
3,359, 313,2199
3,358, 314,2207
3,358, 315,2223
3,357, 315,2231
3,357, 316,2247
3,356, 316,2255
3,355, 317,2262
3,353, 318,2271
3,352, 319,2279
3,351, 319,2287
3,349, 320,2295
3,347, 321,2303
3,345, 322,2311
3,343, 324,2319
3,340, 325,2327
3,336, 327,2335
3,333, 328,2343
3,330, 330,2351
3,327, 331,2359
3,324, 333,2367
3,321, 334,2375
3,319, 335,2383
3,317, 336,2391
3,316, 336,2399
3,314, 337,2407
3,313, 338,2415
3,311, 339,2423
3,310, 340,2431
3,309, 341,2439
3,309, 342,2447
3,308, 342,2455
3,308, 343,2463
3,307, 343,2471
5,307, 344,2751
5,308, 344,2759
5,308, 345,2767
5,310, 346,2775
5,312, 348,2783
5,314, 350,2791
5,318, 353,2799
5,321, 356,2807
5,325, 360,2815
5,329, 362,2822
5,336, 366,2831
5,343, 371,2839
5,348, 375,2846
5,353, 378,2855
5,358, 382,2863
5,362, 383,2871
5,365, 386,2879
5,369, 387,2887
5,373, 390,2895
5,374, 391,2903
5,376, 392,2911
5,378, 393,2919
5,379, 394,2927
5,380, 395,2935
5,381, 396,2943
5,382, 396,2951
5,383, 397,2959
5,384, 397,2967
5,384, 398,2975
5,385, 399,2983
5,386, 400,2991
5,387, 401,2999
5,388, 402,3007
5,389, 403,3015
5,389, 404,3023
5,390, 404,3031
5,390, 405,3039
5,391, 406,3047
5,392, 407,3055
5,392, 408,3063
5,393, 409,3071
5,394, 410,3078
5,394, 412,3086
5,395, 413,3094
5,396, 415,3102
5,397, 416,3111
5,397, 417,3119
5,398, 418,3127
5,399, 418,3134
5,399, 419,3143
5,399, 420,3151
5,400, 421,3159
5,400, 422,3167
5,401, 423,3175
5,401, 424,3183
5,402, 425,3191
5,402, 426,3198
5,403, 427,3207
5,403, 428,3214
5,404, 429,3223
5,404, 430,3231
5,405, 431,3238
5,405, 432,3247
5,405, 433,3255
5,406, 433,3263
5,406, 434,3271
5,407, 435,3278
5,407, 437,3286
5,408, 437,3294
5,408, 439,3302
5,409, 439,3311
5,409, 440,3319
5,409, 441,3327
5,410, 441,3343
5,410, 442,3351
5,410, 443,3358
5,410, 444,3375
5,411, 444,3382
</data>

</pull>

<pull>
 <ip>158.121.95.80</ip>
 <referer>http://www.cs.umb.edu/~joecohen/mouse/?name=hen</referer>
 <date>Mon May 7 12:28:02 EDT 2012</date>
 <userAgent>Mozilla/5.0 (X11; Linux x86_64) AppleWebKit/535.19 (KHTML, like Gecko) Ubuntu/11.04 Chromium/18.0.1025.151 Chrome/18.0.1025.151 Safari/535.19</userAgent>
 <userLang>en-US,en;q=0.8</userLang>
 <data>  
8,299, 456,127
8,300, 455,135
8,300, 454,143
8,302, 452,151
8,303, 450,159
8,305, 447,167
8,308, 443,175
8,312, 437,183
8,315, 432,191
8,317, 429,199
8,321, 424,207
8,322, 420,215
8,325, 417,223
8,327, 416,231
8,329, 414,239
8,331, 411,246
8,332, 410,255
8,334, 408,263
8,337, 405,271
8,340, 402,279
8,341, 399,287
8,343, 397,295
8,345, 395,302
8,347, 393,311
8,350, 392,319
8,352, 389,327
8,354, 388,335
8,357, 386,343
8,359, 384,351
8,361, 382,359
8,362, 381,367
8,364, 380,375
8,364, 379,383
8,365, 378,391
8,366, 377,399
8,367, 376,407
8,368, 375,415
8,369, 375,423
8,369, 374,431
8,370, 374,439
8,370, 373,455
8,371, 373,463
8,372, 373,479
8,372, 372,487
8,373, 371,495
8,374, 370,503
8,376, 368,511
8,378, 365,519
8,380, 363,527
8,382, 361,535
8,384, 360,543
8,385, 359,551
8,386, 358,559
8,387, 358,567
8,387, 357,575
8,388, 357,591
8,388, 356,598
8,389, 356,607
8,390, 355,615
8,391, 354,623
8,392, 354,631
8,393, 353,639
8,394, 353,646
8,395, 353,655
8,395, 352,663
6,394, 352,878
6,394, 353,887
6,392, 353,895
6,390, 353,903
6,388, 354,911
6,385, 354,919
6,381, 355,927
6,377, 355,935
6,373, 356,943
6,366, 358,951
6,357, 358,960
6,348, 359,967
6,335, 361,975
6,324, 361,983
6,313, 363,991
6,301, 363,998
6,290, 365,1006
6,279, 365,1014
6,268, 365,1023
6,259, 365,1031
6,250, 365,1038
6,241, 365,1046
6,233, 366,1055
6,226, 366,1062
6,218, 366,1071
6,211, 368,1079
6,206, 368,1086
6,202, 368,1095
6,199, 368,1103
6,197, 368,1111
6,196, 368,1119
6,195, 368,1127
6,194, 368,1135
6,193, 368,1151
6,192, 368,1223
6,191, 368,1231
6,190, 368,1239
6,190, 367,1247
6,189, 367,1255
6,188, 367,1263
6,187, 367,1271
6,186, 367,1279
6,185, 366,1286
6,184, 366,1295
6,183, 366,1303
6,183, 365,1311
4,184, 365,1695
4,185, 365,1703
4,187, 365,1711
4,189, 364,1719
4,193, 362,1727
4,197, 360,1735
4,204, 357,1743
4,212, 353,1751
4,221, 349,1759
4,232, 343,1767
4,245, 335,1775
4,258, 329,1783
4,271, 323,1791
4,283, 317,1799
4,295, 312,1807
4,305, 307,1815
4,314, 302,1823
4,321, 300,1831
4,325, 297,1838
4,328, 296,1847
4,332, 293,1855
4,335, 292,1862
4,338, 290,1871
4,338, 288,1879
4,338, 287,1887
4,341, 286,1895
4,342, 285,1903
4,343, 284,1911
4,345, 283,1918
4,347, 282,1926
4,349, 280,1935
4,351, 279,1943
4,353, 278,1951
4,355, 276,1959
4,357, 275,1966
4,358, 274,1975
4,359, 273,1983
4,361, 272,1991
4,362, 272,1999
4,363, 272,2063
4,364, 272,2071
4,364, 271,2079
4,366, 271,2086
4,367, 270,2095
4,370, 269,2103
4,372, 268,2111
4,374, 267,2119
4,376, 266,2127
4,378, 265,2135
4,380, 265,2143
4,382, 264,2151
4,383, 263,2158
4,384, 263,2166
4,384, 262,2175
4,385, 262,2182
4,386, 261,2191
4,387, 260,2206
4,388, 260,2215
4,389, 259,2223
4,390, 258,2231
4,392, 256,2239
4,393, 255,2246
4,394, 254,2255
4,396, 254,2262
4,396, 253,2271
4,397, 253,2279
3,397, 254,2599
3,396, 255,2607
3,395, 256,2615
3,394, 258,2623
3,393, 260,2631
3,391, 263,2639
3,389, 266,2647
3,386, 269,2655
3,384, 273,2663
3,381, 276,2671
3,378, 280,2679
3,373, 285,2686
3,369, 290,2695
3,363, 297,2703
3,358, 303,2711
3,353, 309,2719
3,348, 314,2727
3,343, 319,2735
3,338, 323,2743
3,333, 326,2751
3,328, 330,2759
3,323, 333,2766
3,320, 336,2774
3,318, 338,2783
3,317, 339,2791
3,316, 339,2799
3,315, 339,2855
3,315, 340,2863
3,314, 340,2871
3,314, 341,2879
3,313, 341,2886
3,312, 342,2895
3,311, 343,2903
3,309, 344,2911
3,308, 345,2918
3,307, 346,2927
3,305, 348,2935
3,303, 349,2943
3,302, 350,2951
3,301, 351,2958
3,300, 351,2974
3,300, 352,2991
5,300, 353,3295
5,300, 354,3302
5,301, 355,3311
5,303, 357,3318
5,304, 359,3326
5,307, 362,3334
5,309, 364,3342
5,313, 367,3351
5,316, 369,3359
5,320, 372,3366
5,323, 375,3374
5,328, 379,3382
5,334, 384,3391
5,340, 388,3398
5,347, 392,3406
5,353, 397,3415
5,359, 403,3422
5,365, 408,3431
5,371, 413,3438
5,376, 419,3446
5,381, 423,3454
5,387, 426,3462
5,392, 430,3471
5,396, 432,3479
5,400, 434,3487
5,402, 436,3494
5,403, 438,3502
5,404, 439,3511
5,405, 440,3518
5,405, 441,3526
5,406, 442,3534
5,406, 443,3542
5,407, 443,3551
5,407, 444,3558
5,407, 445,3566
5,407, 446,3574
5,408, 446,3582
5,409, 448,3591
5,409, 449,3598
5,410, 450,3606
5,411, 452,3614
5,412, 453,3622
5,412, 454,3631
5,412, 456,3638
5,413, 456,3646
5,414, 457,3654
5,414, 458,3662
5,415, 458,3671
5,415, 459,3679
</data>

</pull>

<pull>
 <ip>158.121.95.80</ip>
 <referer>http://www.cs.umb.edu/~joecohen/mouse/?name=hen</referer>
 <date>Mon May 7 12:28:09 EDT 2012</date>
 <userAgent>Mozilla/5.0 (X11; Linux x86_64) AppleWebKit/535.19 (KHTML, like Gecko) Ubuntu/11.04 Chromium/18.0.1025.151 Chrome/18.0.1025.151 Safari/535.19</userAgent>
 <userLang>en-US,en;q=0.8</userLang>
 <data>  
8,297, 453,71
8,297, 452,78
8,299, 449,86
8,301, 446,94
8,304, 441,103
8,308, 434,110
8,314, 427,119
8,320, 419,126
8,319, 419,134
8,321, 418,143
8,328, 412,150
8,338, 404,158
8,347, 397,167
8,354, 390,175
8,360, 383,183
8,364, 378,190
8,366, 374,198
8,367, 372,206
8,368, 370,214
8,369, 369,223
8,370, 367,231
8,371, 366,238
8,372, 366,246
8,373, 364,254
8,374, 364,263
8,374, 363,270
8,375, 363,326
8,376, 363,343
8,376, 362,350
8,377, 362,358
8,378, 361,366
8,380, 360,375
8,381, 360,383
8,382, 359,391
8,384, 357,398
8,385, 356,406
8,388, 354,414
8,391, 352,423
8,393, 349,431
8,396, 347,438
8,397, 345,446
8,399, 343,454
8,400, 342,463
8,401, 341,470
6,400, 341,767
6,399, 342,774
6,397, 342,783
6,395, 343,790
6,392, 344,798
6,388, 344,806
6,384, 345,814
6,379, 346,823
6,371, 346,831
6,361, 346,838
6,351, 346,846
6,341, 346,854
6,330, 346,863
6,317, 346,870
6,305, 346,879
6,293, 346,886
6,282, 346,894
6,272, 346,903
6,262, 346,911
6,254, 346,918
6,245, 348,926
6,236, 348,934
6,230, 348,943
6,224, 348,950
6,219, 348,958
6,215, 348,966
6,212, 348,974
6,211, 348,983
6,209, 348,990
6,208, 348,998
6,206, 349,1006
6,204, 349,1015
6,203, 349,1023
6,200, 349,1030
6,197, 350,1038
6,195, 350,1046
6,191, 351,1054
6,188, 351,1063
6,186, 352,1070
6,183, 353,1078
6,181, 353,1086
6,179, 353,1094
6,177, 353,1102
6,175, 354,1110
6,174, 354,1118
6,173, 354,1126
4,174, 354,1543
4,175, 354,1550
4,176, 353,1558
4,178, 351,1566
4,182, 349,1574
4,186, 346,1582
4,194, 342,1590
4,203, 336,1598
4,213, 329,1607
4,225, 321,1614
4,242, 312,1623
4,260, 302,1631
4,278, 293,1639
4,296, 286,1647
4,313, 280,1654
4,330, 274,1663
4,345, 269,1671
4,359, 267,1678
4,370, 265,1686
4,380, 265,1695
4,387, 263,1703
4,391, 263,1710
4,392, 263,1718
4,393, 263,1726
4,394, 263,1790
4,395, 263,1822
4,395, 262,1831
4,396, 262,1838
4,397, 262,1846
4,398, 260,1854
4,399, 259,1863
4,401, 258,1870
4,402, 257,1878
4,403, 257,1886
4,404, 257,1894
4,404, 256,1903
4,405, 256,1934
3,404, 257,2119
3,404, 258,2126
3,403, 259,2134
3,402, 260,2143
3,401, 262,2150
3,400, 265,2158
3,397, 267,2166
3,395, 270,2175
3,392, 273,2183
3,389, 277,2190
3,388, 278,2198
3,384, 281,2206
3,378, 286,2214
3,370, 293,2223
3,362, 299,2230
3,353, 306,2238
3,346, 312,2246
3,339, 317,2254
3,332, 322,2263
3,326, 326,2270
3,321, 330,2278
3,315, 334,2287
3,311, 337,2295
3,307, 339,2303
3,304, 342,2310
3,303, 343,2318
3,302, 343,2374
3,302, 344,2383
3,301, 345,2391
3,300, 346,2398
3,298, 348,2406
3,296, 350,2414
3,295, 351,2423
3,293, 353,2431
3,292, 355,2438
3,291, 356,2446
3,290, 357,2454
3,289, 358,2463
5,289, 359,2695
5,289, 360,2703
5,289, 361,2710
5,291, 363,2718
5,292, 366,2726
5,294, 370,2734
5,297, 374,2743
5,301, 380,2750
5,306, 388,2758
5,311, 397,2766
5,317, 406,2774
5,324, 415,2782
5,331, 424,2790
5,337, 432,2798
5,343, 441,2806
5,350, 450,2814
5,355, 459,2823
5,360, 466,2831
5,365, 472,2838
5,371, 476,2846
5,376, 478,2855
5,379, 480,2863
5,380, 481,2870
5,382, 482,2878
5,383, 482,2886
5,384, 482,2894
5,385, 482,2903
5,386, 483,2910
5,387, 483,2918
5,388, 483,2926
5,389, 483,2934
5,390, 483,2943
5,391, 483,2983
5,391, 482,2990
5,392, 482,2998
5,393, 481,3006
5,393, 480,3014
5,395, 479,3023
5,396, 478,3031
5,398, 476,3038
5,399, 473,3046
5,400, 471,3055
5,401, 470,3062
5,401, 468,3070
5,402, 467,3078
5,402, 465,3086
5,402, 464,3094
5,402, 463,3103
5,402, 462,3110
5,402, 461,3118
</data>

</pull>

