<pull>
 <ip>24.60.118.5</ip>
 <referer>http://www.cs.umb.edu/~joecohen/mouse/?name=j</referer>
 <date>Sun Apr 22 23:40:16 EDT 2012</date>
 <userAgent>Mozilla/5.0 (X11; Linux x86_64) AppleWebKit/535.19 (KHTML, like Gecko) Ubuntu/11.10 Chromium/18.0.1025.142 Chrome/18.0.1025.142 Safari/535.19</userAgent>
 <userLang>en-US,en;q=0.8</userLang>
 <data>  
8,302, 463,22
8,307, 463,30
8,316, 460,38
8,325, 457,46
8,337, 450,53
8,347, 442,61
8,357, 433,69
8,364, 427,78
8,370, 421,86
8,376, 414,93
8,381, 407,101
8,382, 402,109
8,384, 397,117
8,386, 393,125
8,386, 389,133
8,387, 388,142
8,390, 387,149
8,392, 385,158
8,394, 384,166
8,396, 382,173
8,397, 381,181
8,398, 380,189
8,398, 379,197
8,399, 378,206
8,399, 377,213
8,400, 375,221
8,400, 374,229
8,401, 373,238
8,401, 372,246
8,402, 371,254
8,402, 370,262
8,402, 369,269
8,402, 367,277
8,402, 366,293
8,402, 365,301
8,402, 364,309
8,402, 363,317
8,403, 363,326
8,403, 362,333
6,401, 362,478
6,399, 362,485
6,396, 362,493
6,393, 362,501
6,389, 362,509
6,385, 362,517
6,377, 362,526
6,368, 362,533
6,361, 362,541
6,354, 362,549
6,349, 362,557
6,345, 362,565
6,341, 362,574
6,337, 360,581
6,334, 359,589
6,332, 359,597
6,330, 359,605
6,327, 359,613
6,323, 357,621
6,321, 357,629
6,318, 355,637
6,313, 353,646
6,306, 351,653
6,302, 350,661
6,297, 348,670
6,290, 345,677
6,283, 342,685
6,276, 342,693
6,269, 340,702
6,264, 338,709
6,256, 338,717
6,250, 336,726
6,245, 336,734
6,240, 336,742
6,236, 336,749
6,235, 336,757
6,234, 336,765
6,233, 336,773
6,232, 336,789
6,231, 336,806
6,230, 336,814
6,229, 336,830
6,227, 336,845
6,226, 337,853
6,225, 337,861
6,224, 338,870
6,223, 340,877
6,221, 341,886
6,220, 344,893
6,218, 345,901
6,216, 346,909
6,214, 349,917
6,211, 350,926
6,209, 352,933
6,207, 353,941
6,205, 353,950
6,203, 354,958
6,202, 354,966
6,201, 354,973
6,200, 354,982
4,201, 354,1150
4,202, 354,1157
4,204, 354,1165
4,205, 354,1174
4,207, 354,1182
4,209, 354,1190
4,212, 354,1198
4,214, 354,1206
4,217, 353,1213
4,220, 353,1221
4,224, 352,1229
4,228, 351,1237
4,232, 349,1246
4,236, 348,1254
4,240, 346,1261
4,244, 344,1269
4,248, 342,1277
4,254, 339,1285
4,262, 338,1293
4,270, 336,1302
4,277, 333,1310
4,285, 330,1318
4,291, 326,1325
4,297, 322,1333
4,303, 317,1341
4,310, 312,1349
4,314, 307,1357
4,318, 301,1365
4,323, 296,1374
4,326, 292,1382
4,331, 287,1389
4,335, 283,1397
4,339, 279,1405
4,344, 275,1413
4,348, 275,1421
4,352, 273,1429
4,354, 273,1438
4,355, 271,1446
4,356, 270,1453
4,357, 270,1461
4,358, 269,1469
4,359, 269,1477
4,360, 268,1485
4,362, 268,1493
4,364, 267,1501
4,366, 266,1510
4,368, 265,1517
4,370, 264,1526
4,374, 262,1533
4,377, 260,1541
4,380, 260,1550
4,382, 259,1558
4,385, 258,1566
4,387, 257,1573
4,390, 256,1581
4,391, 255,1590
4,391, 254,1597
4,393, 254,1605
4,393, 253,1613
3,392, 253,1790
3,391, 253,1798
3,390, 255,1805
3,388, 256,1813
3,386, 258,1821
3,385, 260,1830
3,383, 263,1837
3,381, 266,1845
3,378, 270,1854
3,375, 274,1862
3,371, 281,1869
3,364, 286,1878
3,360, 292,1885
3,356, 297,1893
3,351, 303,1901
3,347, 306,1910
3,343, 310,1917
3,337, 314,1925
3,331, 318,1933
3,326, 321,1941
3,321, 325,1949
3,316, 330,1957
3,312, 334,1966
3,306, 338,1974
3,304, 338,1982
3,303, 340,1990
3,301, 341,1998
3,300, 344,2005
3,299, 344,2013
3,296, 345,2021
3,294, 347,2029
3,294, 348,2037
3,292, 349,2045
3,292, 350,2053
3,291, 350,2062
3,289, 351,2070
3,288, 352,2085
3,288, 353,2093
3,287, 353,2101
3,287, 354,2117
5,288, 354,2302
5,289, 354,2310
5,290, 354,2317
5,291, 354,2326
5,292, 354,2333
5,293, 354,2341
5,294, 355,2349
5,296, 356,2357
5,298, 357,2365
5,300, 358,2374
5,302, 361,2382
5,306, 364,2390
5,312, 369,2397
5,318, 375,2406
5,324, 380,2414
5,329, 387,2422
5,333, 392,2430
5,335, 394,2438
5,338, 396,2445
5,342, 399,2453
5,346, 402,2462
5,350, 405,2470
5,354, 409,2477
5,360, 413,2485
5,367, 418,2494
5,373, 423,2501
5,381, 427,2509
5,387, 431,2517
5,392, 436,2526
5,397, 438,2534
5,401, 440,2541
5,404, 442,2550
5,408, 443,2558
5,410, 443,2565
5,410, 444,2574
5,411, 445,2581
5,412, 446,2605
</data>

</pull>

<pull>
 <ip>24.60.118.5</ip>
 <referer>http://www.cs.umb.edu/~joecohen/mouse/?name=j</referer>
 <date>Sun Apr 22 23:40:22 EDT 2012</date>
 <userAgent>Mozilla/5.0 (X11; Linux x86_64) AppleWebKit/535.19 (KHTML, like Gecko) Ubuntu/11.10 Chromium/18.0.1025.142 Chrome/18.0.1025.142 Safari/535.19</userAgent>
 <userLang>en-US,en;q=0.8</userLang>
 <data>  
8,301, 444,21
8,305, 442,29
8,314, 437,37
8,322, 431,45
8,329, 423,53
8,334, 417,61
8,339, 412,69
8,342, 408,77
8,346, 404,85
8,350, 400,93
8,351, 398,101
8,355, 396,109
8,359, 395,117
8,363, 392,125
8,367, 391,133
8,367, 388,141
8,369, 386,149
8,371, 383,157
8,373, 379,165
8,374, 378,173
8,376, 377,181
8,377, 375,189
8,378, 374,197
8,378, 373,205
8,380, 372,213
8,381, 372,221
8,383, 372,229
8,384, 370,237
8,385, 369,245
8,385, 368,253
8,386, 366,261
8,387, 365,269
8,388, 363,277
8,389, 363,285
8,390, 363,293
8,392, 363,301
8,394, 362,309
8,395, 360,317
8,397, 359,325
8,398, 358,333
8,400, 357,341
8,401, 356,349
6,400, 355,485
6,398, 355,493
6,394, 355,501
6,390, 355,509
6,383, 355,517
6,373, 355,525
6,362, 355,533
6,348, 355,541
6,336, 355,549
6,325, 355,557
6,315, 357,565
6,304, 357,573
6,293, 357,581
6,283, 357,589
6,273, 357,597
6,263, 357,605
6,252, 357,613
6,242, 357,621
6,233, 357,629
6,224, 355,637
6,218, 355,645
6,212, 353,653
6,207, 353,661
6,203, 353,669
6,199, 353,677
6,197, 353,685
6,195, 352,693
6,193, 352,701
6,192, 352,709
6,189, 352,717
6,187, 352,725
6,185, 351,733
6,183, 351,741
6,182, 351,749
6,180, 351,757
6,179, 351,765
6,178, 351,773
4,179, 351,957
4,181, 351,965
4,187, 351,973
4,197, 349,981
4,211, 347,989
4,228, 345,997
4,245, 342,1005
4,261, 340,1013
4,277, 335,1021
4,293, 329,1029
4,310, 327,1037
4,327, 322,1045
4,340, 315,1053
4,351, 307,1061
4,361, 300,1069
4,370, 294,1077
4,377, 289,1085
4,382, 286,1093
4,383, 284,1101
4,386, 282,1109
4,386, 279,1117
4,387, 278,1125
4,389, 277,1133
4,391, 276,1141
4,392, 275,1149
4,393, 274,1157
4,394, 274,1165
4,395, 273,1173
4,395, 272,1181
4,396, 271,1189
4,397, 271,1197
4,398, 270,1213
4,399, 269,1221
4,399, 268,1229
4,400, 267,1237
4,400, 266,1245
4,401, 265,1253
4,401, 264,1261
4,401, 263,1269
4,401, 262,1277
4,401, 260,1285
4,401, 259,1293
4,401, 258,1301
4,401, 257,1309
4,401, 256,1317
3,400, 258,1413
3,396, 261,1421
3,389, 267,1429
3,380, 275,1437
3,371, 284,1445
3,363, 294,1453
3,355, 303,1461
3,348, 312,1469
3,340, 319,1477
3,332, 326,1485
3,327, 328,1493
3,323, 331,1501
3,318, 334,1509
3,314, 336,1517
3,310, 336,1525
3,308, 337,1533
3,305, 337,1541
3,304, 338,1549
3,303, 338,1557
3,302, 338,1565
3,301, 338,1573
3,300, 338,1581
3,300, 339,1589
3,299, 339,1597
3,298, 339,1613
3,297, 339,1621
3,297, 340,1629
3,296, 340,1637
3,295, 340,1645
3,294, 340,1661
3,292, 341,1669
3,290, 341,1677
3,289, 342,1685
3,289, 343,1693
3,287, 344,1701
3,287, 345,1717
3,286, 346,1741
3,288, 348,1821
3,292, 350,1829
3,299, 357,1837
3,307, 363,1845
3,317, 372,1853
3,328, 380,1861
3,340, 391,1869
3,349, 402,1877
3,357, 409,1885
3,364, 416,1893
3,370, 423,1901
3,372, 429,1909
3,373, 431,1917
3,375, 434,1925
3,377, 438,1933
3,378, 440,1941
3,379, 442,1949
3,380, 443,1957
3,380, 444,1965
3,381, 444,1997
3,382, 444,2013
3,383, 445,2077
3,383, 446,2085
3,384, 447,2093
3,385, 448,2101
3,385, 449,2109
3,385, 450,2125
3,386, 450,2133
3,387, 451,2325
3,388, 451,2349
3,387, 450,2429
3,385, 448,2437
3,383, 445,2445
3,378, 440,2453
3,370, 434,2461
3,364, 428,2469
3,359, 427,2477
3,354, 422,2485
3,350, 421,2493
3,346, 419,2501
3,342, 417,2509
3,339, 415,2517
3,336, 414,2525
3,335, 413,2533
3,332, 411,2541
3,328, 411,2549
3,326, 410,2557
3,325, 408,2565
3,323, 407,2573
3,321, 405,2581
3,318, 403,2589
3,318, 402,2597
3,316, 399,2605
3,314, 397,2613
3,313, 395,2621
3,312, 394,2629
3,312, 392,2637
3,311, 391,2645
3,310, 390,2653
3,309, 388,2661
3,308, 387,2669
3,308, 386,2677
3,307, 384,2685
3,306, 382,2693
3,306, 380,2701
3,305, 379,2709
3,305, 377,2717
3,304, 374,2725
3,303, 372,2733
3,302, 369,2741
3,301, 366,2749
3,300, 363,2757
3,299, 360,2765
3,297, 356,2773
3,296, 353,2781
3,294, 350,2789
3,294, 349,2797
5,295, 349,2957
5,296, 350,2965
5,297, 351,2973
5,297, 354,2981
5,299, 356,2989
5,301, 359,2997
5,305, 366,3005
5,313, 376,3013
5,324, 389,3021
5,337, 403,3029
5,350, 416,3037
5,362, 427,3045
5,373, 437,3053
5,384, 446,3061
5,393, 453,3069
5,401, 458,3077
5,408, 462,3085
5,409, 464,3093
5,413, 465,3101
5,419, 465,3109
5,419, 467,3117
5,420, 468,3125
5,421, 468,3141
5,421, 469,3149
5,421, 470,3165
5,421, 471,3181
5,421, 472,3189
5,421, 473,3205
5,421, 474,3229
5,421, 473,3397
5,420, 472,3413
5,419, 472,3421
5,419, 471,3429
5,418, 470,3445
5,417, 469,3453
5,417, 468,3461
5,416, 467,3469
5,415, 466,3485
5,415, 465,3493
5,415, 464,3501
5,414, 463,3517
5,414, 462,3525
5,414, 461,3533
5,413, 461,3541
5,413, 460,3549
5,412, 459,3557
5,412, 458,3565
5,411, 458,3573
</data>

</pull>

<pull>
 <ip>24.60.118.5</ip>
 <referer>http://www.cs.umb.edu/~joecohen/mouse/?name=j</referer>
 <date>Sun Apr 22 23:40:27 EDT 2012</date>
 <userAgent>Mozilla/5.0 (X11; Linux x86_64) AppleWebKit/535.19 (KHTML, like Gecko) Ubuntu/11.10 Chromium/18.0.1025.142 Chrome/18.0.1025.142 Safari/535.19</userAgent>
 <userLang>en-US,en;q=0.8</userLang>
 <data>  
8,290, 463,22
8,295, 462,30
8,301, 460,38
8,307, 457,46
8,313, 452,54
8,320, 448,62
8,328, 444,70
8,336, 440,78
8,344, 434,86
8,352, 428,94
8,361, 420,102
8,366, 410,110
8,368, 404,118
8,369, 398,126
8,371, 394,134
8,371, 391,142
8,371, 390,150
8,371, 388,158
8,371, 387,166
8,371, 386,174
8,371, 385,182
8,371, 384,190
8,371, 383,198
8,371, 382,214
8,371, 381,230
8,372, 379,238
8,373, 378,246
8,374, 377,254
8,377, 375,262
8,378, 374,270
8,381, 372,278
8,384, 371,286
8,388, 370,294
8,391, 368,302
8,394, 367,310
8,396, 366,318
8,400, 364,326
8,403, 363,334
8,405, 363,342
8,407, 362,350
8,408, 361,358
8,410, 360,374
8,411, 359,382
8,412, 358,398
8,412, 357,406
8,413, 357,414
8,414, 357,422
6,413, 357,534
6,410, 357,542
6,407, 356,550
6,403, 356,558
6,397, 356,566
6,390, 356,574
6,381, 356,582
6,373, 356,590
6,366, 356,598
6,361, 358,606
6,356, 358,614
6,354, 358,622
6,351, 358,630
6,346, 358,638
6,341, 358,646
6,336, 358,654
6,330, 358,662
6,323, 358,670
6,318, 358,678
6,313, 358,687
6,312, 358,694
6,310, 358,702
6,308, 358,710
6,307, 358,718
6,306, 358,726
6,305, 358,742
6,304, 358,750
6,303, 358,758
6,302, 358,766
6,300, 358,774
6,297, 358,782
6,293, 358,790
6,289, 358,798
6,284, 358,806
6,276, 358,814
6,268, 358,823
6,260, 358,830
6,253, 358,838
6,249, 358,846
6,245, 358,854
6,240, 358,862
6,236, 356,870
6,233, 356,878
6,229, 356,886
6,228, 356,894
6,227, 356,902
6,225, 356,910
6,224, 356,918
6,223, 356,926
6,222, 356,934
6,221, 356,942
6,220, 356,950
6,219, 356,958
6,217, 356,966
6,216, 356,974
6,214, 356,982
6,213, 356,990
6,211, 356,998
6,210, 356,1006
6,209, 356,1014
6,208, 356,1022
6,206, 356,1030
6,205, 356,1038
6,203, 356,1046
6,201, 356,1054
6,200, 355,1062
6,198, 355,1070
6,197, 355,1086
4,200, 355,1214
4,208, 353,1222
4,223, 351,1230
4,242, 348,1238
4,262, 346,1246
4,287, 339,1254
4,313, 331,1262
4,339, 320,1270
4,362, 311,1278
4,384, 303,1286
4,403, 294,1294
4,418, 287,1302
4,429, 281,1310
4,434, 280,1318
4,436, 277,1326
4,438, 276,1334
4,438, 275,1342
4,440, 274,1358
4,440, 273,1366
4,440, 272,1374
4,441, 271,1382
4,441, 270,1398
4,441, 269,1414
4,441, 268,1430
4,441, 267,1438
4,440, 266,1446
4,439, 265,1454
4,437, 264,1462
4,433, 262,1470
4,430, 261,1478
4,426, 260,1486
4,421, 259,1494
4,414, 259,1502
4,408, 259,1510
4,401, 259,1518
4,395, 257,1526
4,390, 257,1534
4,386, 257,1542
4,382, 255,1550
4,380, 255,1558
4,379, 255,1566
4,379, 257,1718
4,379, 260,1726
4,379, 265,1734
4,379, 272,1742
4,376, 282,1750
4,373, 290,1758
4,369, 297,1766
4,363, 304,1774
4,359, 310,1782
4,355, 315,1790
4,349, 319,1798
4,344, 323,1806
4,340, 328,1814
4,336, 330,1822
4,332, 333,1830
4,329, 334,1838
4,325, 336,1846
4,324, 337,1854
4,322, 338,1862
4,322, 339,1870
4,321, 340,1878
4,324, 339,1918
4,327, 336,1926
4,333, 330,1934
4,340, 326,1942
4,348, 318,1950
4,358, 309,1958
4,366, 303,1966
4,373, 296,1974
4,378, 290,1982
4,383, 285,1990
4,385, 279,1998
4,386, 274,2006
4,389, 270,2014
4,391, 268,2022
4,393, 264,2030
4,396, 260,2038
4,400, 257,2046
4,402, 254,2054
4,402, 253,2062
4,403, 251,2078
4,403, 250,2086
4,404, 249,2094
4,405, 248,2102
4,405, 247,2118
4,405, 246,2126
4,406, 245,2134
4,406, 244,2142
4,407, 243,2150
4,408, 241,2158
4,408, 240,2166
4,408, 239,2174
4,408, 238,2182
4,409, 237,2190
3,408, 240,2358
3,406, 241,2366
3,405, 243,2374
3,403, 246,2382
3,402, 250,2390
3,400, 252,2398
3,396, 257,2406
3,390, 264,2414
3,382, 270,2422
3,375, 276,2430
3,368, 284,2438
3,362, 290,2446
3,357, 295,2454
3,352, 299,2462
3,348, 303,2470
3,346, 306,2478
3,345, 308,2486
3,344, 310,2494
3,343, 312,2502
3,337, 316,2510
3,333, 319,2518
3,330, 322,2526
3,326, 325,2534
3,322, 329,2542
3,317, 332,2550
3,314, 336,2558
3,313, 337,2566
3,311, 339,2574
3,308, 340,2582
3,307, 341,2590
3,304, 343,2598
3,303, 344,2606
3,302, 346,2614
3,300, 347,2622
3,299, 347,2630
3,298, 348,2638
3,297, 349,2646
3,296, 349,2662
3,295, 349,2670
3,293, 349,2678
3,292, 349,2686
3,291, 350,2694
3,289, 351,2702
3,288, 352,2710
3,287, 352,2718
3,287, 353,2726
3,286, 353,2734
5,288, 353,2862
5,291, 354,2870
5,295, 356,2878
5,301, 360,2886
5,308, 365,2894
5,316, 370,2902
5,324, 377,2910
5,333, 385,2918
5,342, 393,2926
5,350, 401,2934
5,356, 408,2942
5,363, 416,2950
5,368, 425,2958
5,371, 431,2966
5,375, 437,2974
5,379, 442,2982
5,382, 449,2990
5,386, 453,2998
5,388, 457,3006
5,390, 460,3014
5,390, 461,3022
5,391, 463,3030
5,392, 464,3046
5,392, 465,3054
5,392, 466,3062
5,393, 466,3198
5,394, 466,3206
5,395, 466,3222
</data>

</pull>

<pull>
 <ip>24.60.118.5</ip>
 <referer>http://www.cs.umb.edu/~joecohen/mouse/?name=j</referer>
 <date>Sun Apr 22 23:40:32 EDT 2012</date>
 <userAgent>Mozilla/5.0 (X11; Linux x86_64) AppleWebKit/535.19 (KHTML, like Gecko) Ubuntu/11.10 Chromium/18.0.1025.142 Chrome/18.0.1025.142 Safari/535.19</userAgent>
 <userLang>en-US,en;q=0.8</userLang>
 <data>  
8,308, 451,31
8,311, 448,38
8,317, 443,46
8,324, 437,54
8,332, 428,62
8,341, 419,70
8,350, 410,78
8,358, 403,86
8,366, 395,94
8,373, 386,102
8,381, 378,110
8,386, 372,118
8,391, 366,126
8,393, 361,134
8,395, 358,142
8,397, 356,150
8,399, 356,158
8,400, 355,166
8,401, 355,174
8,401, 354,182
8,402, 354,190
8,403, 353,198
8,404, 352,206
8,405, 351,214
8,406, 350,230
8,407, 350,246
8,408, 349,262
8,408, 348,278
8,409, 348,286
8,409, 347,294
8,410, 347,302
8,410, 346,310
6,407, 346,494
6,403, 347,502
6,395, 347,510
6,385, 347,518
6,374, 349,526
6,360, 349,534
6,344, 349,542
6,328, 349,550
6,313, 349,558
6,300, 349,566
6,288, 349,574
6,275, 349,582
6,264, 349,590
6,255, 349,598
6,247, 349,606
6,239, 349,614
6,235, 349,622
6,231, 349,630
6,226, 349,638
6,221, 349,646
6,215, 349,654
6,209, 349,662
6,205, 349,670
6,202, 349,678
6,200, 349,686
6,197, 349,694
6,196, 349,702
6,194, 349,710
6,193, 349,726
6,191, 349,734
6,189, 349,742
6,187, 348,750
6,185, 348,758
6,183, 348,766
6,180, 348,774
6,178, 347,782
6,176, 347,790
6,175, 347,798
6,174, 347,806
4,175, 347,990
4,178, 347,998
4,183, 347,1006
4,190, 347,1014
4,201, 347,1022
4,215, 347,1030
4,234, 347,1038
4,254, 347,1046
4,275, 344,1054
4,296, 337,1062
4,315, 329,1070
4,330, 320,1078
4,343, 311,1086
4,352, 303,1094
4,361, 294,1102
4,368, 287,1110
4,370, 280,1118
4,370, 273,1126
4,372, 269,1134
4,372, 267,1142
4,373, 265,1150
4,373, 264,1158
4,373, 263,1166
4,373, 262,1174
4,373, 261,1182
4,373, 260,1190
4,373, 259,1198
4,373, 258,1214
4,373, 257,1230
4,373, 256,1238
4,374, 255,1246
4,374, 254,1262
4,375, 254,1278
4,376, 254,1286
4,377, 253,1294
4,379, 253,1302
4,380, 253,1310
4,383, 253,1318
4,385, 253,1326
4,388, 253,1334
4,391, 253,1342
4,393, 252,1350
4,395, 252,1358
4,395, 251,1366
4,396, 251,1374
4,397, 250,1382
4,398, 250,1398
4,398, 249,1414
3,397, 249,1518
3,396, 250,1526
3,393, 252,1534
3,390, 255,1542
3,385, 259,1551
3,378, 263,1559
3,370, 268,1566
3,361, 274,1574
3,353, 281,1582
3,346, 288,1590
3,339, 295,1598
3,330, 302,1606
3,324, 309,1614
3,318, 315,1622
3,311, 322,1630
3,306, 327,1638
3,301, 329,1646
3,300, 331,1654
3,296, 333,1662
3,294, 334,1670
3,293, 335,1678
3,292, 336,1686
3,291, 337,1702
3,290, 338,1710
3,289, 340,1718
3,288, 340,1726
3,287, 341,1734
3,287, 342,1742
3,286, 343,1750
3,285, 344,1758
3,285, 345,1766
3,284, 346,1774
3,283, 347,1782
3,283, 349,1790
3,282, 350,1798
3,282, 352,1806
3,281, 353,1814
3,281, 354,1822
3,280, 355,1838
5,281, 355,1966
5,282, 355,1974
5,284, 356,1982
5,286, 357,1990
5,289, 358,1998
5,291, 359,2006
5,295, 361,2014
5,298, 363,2022
5,300, 366,2030
5,304, 370,2038
5,310, 375,2046
5,316, 382,2054
5,321, 390,2062
5,328, 397,2070
5,335, 405,2078
5,341, 411,2086
5,346, 418,2094
5,350, 424,2102
5,353, 429,2110
5,357, 434,2118
5,358, 435,2126
5,359, 436,2134
5,360, 437,2142
5,361, 438,2158
5,361, 439,2166
5,362, 439,2174
5,362, 440,2182
5,363, 440,2190
5,364, 441,2198
5,365, 441,2222
5,366, 442,2230
5,367, 442,2238
5,368, 442,2262
5,369, 442,2270
5,370, 443,2278
5,371, 444,2286
5,372, 444,2294
5,374, 444,2302
5,376, 444,2310
5,377, 444,2318
5,379, 445,2326
5,380, 445,2334
5,381, 444,2342
5,383, 444,2350
5,384, 444,2366
5,385, 444,2374
</data>

</pull>

<pull>
 <ip>24.60.118.5</ip>
 <referer>http://www.cs.umb.edu/~joecohen/mouse/?name=j</referer>
 <date>Sun Apr 22 23:40:37 EDT 2012</date>
 <userAgent>Mozilla/5.0 (X11; Linux x86_64) AppleWebKit/535.19 (KHTML, like Gecko) Ubuntu/11.10 Chromium/18.0.1025.142 Chrome/18.0.1025.142 Safari/535.19</userAgent>
 <userLang>en-US,en;q=0.8</userLang>
 <data>  
8,302, 454,39
8,306, 450,46
8,315, 443,54
8,323, 436,63
8,330, 428,70
8,337, 418,78
8,344, 409,86
8,349, 402,94
8,351, 394,102
8,353, 389,110
8,355, 386,118
8,357, 382,126
8,358, 378,134
8,360, 375,142
8,362, 371,150
8,363, 371,158
8,364, 370,166
8,364, 369,174
8,365, 369,190
8,366, 368,198
8,367, 367,206
8,368, 366,222
8,369, 365,230
8,370, 365,238
8,371, 364,246
8,371, 363,254
8,372, 363,262
8,374, 362,278
8,375, 361,286
8,376, 361,294
8,378, 360,302
8,380, 360,310
8,383, 359,318
8,385, 359,326
8,387, 358,334
8,389, 358,342
8,391, 358,350
8,392, 357,358
8,394, 357,366
8,394, 356,374
8,394, 355,382
8,395, 355,390
8,396, 355,406
6,394, 355,510
6,390, 355,518
6,382, 355,526
6,373, 355,535
6,358, 355,542
6,342, 355,550
6,324, 355,558
6,305, 355,566
6,285, 355,574
6,266, 355,582
6,251, 355,590
6,237, 355,598
6,224, 355,606
6,211, 355,614
6,198, 355,622
6,191, 355,630
6,185, 355,638
6,181, 355,646
6,180, 355,662
4,182, 355,926
4,188, 355,934
4,205, 355,942
4,226, 352,951
4,248, 350,958
4,273, 345,967
4,298, 336,974
4,322, 327,983
4,343, 318,990
4,362, 308,998
4,377, 299,1006
4,390, 292,1014
4,399, 287,1022
4,406, 282,1030
4,411, 280,1038
4,412, 279,1046
4,413, 279,1062
4,413, 278,1110
4,413, 277,1118
4,413, 276,1134
4,412, 275,1142
4,412, 274,1150
4,411, 273,1158
4,410, 272,1167
4,409, 270,1175
4,409, 268,1182
4,409, 267,1190
4,408, 265,1198
4,406, 262,1206
4,404, 259,1214
4,402, 257,1222
4,401, 255,1230
4,400, 254,1238
4,399, 252,1246
4,398, 250,1254
3,397, 251,1382
3,393, 254,1390
3,386, 260,1398
3,377, 269,1407
3,367, 279,1414
3,356, 290,1422
3,343, 301,1430
3,332, 311,1438
3,323, 320,1446
3,314, 329,1454
3,307, 336,1463
3,302, 343,1470
3,297, 348,1478
3,292, 352,1486
3,291, 353,1494
3,290, 353,1502
3,289, 354,1510
3,288, 355,1518
3,287, 356,1542
3,286, 356,1550
3,285, 356,1630
3,285, 357,1638
3,284, 357,1646
3,284, 358,1654
5,286, 359,1766
5,290, 360,1774
5,295, 364,1782
5,305, 372,1791
5,316, 381,1798
5,325, 390,1806
5,338, 400,1814
5,347, 410,1822
5,355, 420,1830
5,363, 429,1838
5,370, 437,1846
5,375, 444,1854
5,379, 450,1862
5,383, 455,1870
5,385, 460,1878
5,387, 461,1886
5,388, 462,1894
5,389, 463,1902
5,390, 463,1918
5,391, 463,1934
5,392, 464,1942
5,394, 464,1950
5,396, 464,1966
5,397, 464,1982
5,398, 464,1998
5,399, 464,2023
5,400, 464,2030
5,402, 464,2038
5,403, 464,2046
5,405, 464,2054
5,406, 465,2062
5,407, 465,2078
</data>

</pull>

<pull>
 <ip>24.60.118.5</ip>
 <referer>http://www.cs.umb.edu/~joecohen/mouse/?name=j</referer>
 <date>Sun Apr 22 23:40:42 EDT 2012</date>
 <userAgent>Mozilla/5.0 (X11; Linux x86_64) AppleWebKit/535.19 (KHTML, like Gecko) Ubuntu/11.10 Chromium/18.0.1025.142 Chrome/18.0.1025.142 Safari/535.19</userAgent>
 <userLang>en-US,en;q=0.8</userLang>
 <data>  
8,308, 455,23
8,313, 452,30
8,321, 447,39
8,332, 438,46
8,343, 428,54
8,353, 418,62
8,363, 408,70
8,373, 398,78
8,378, 389,86
8,383, 381,94
8,389, 373,102
8,394, 368,111
8,395, 366,118
8,397, 364,126
8,398, 363,142
8,399, 362,151
8,400, 361,166
8,400, 360,279
8,400, 359,286
8,400, 358,294
8,400, 357,302
8,400, 356,310
8,400, 355,318
8,400, 354,326
8,400, 353,334
6,399, 351,495
6,396, 348,502
6,393, 345,510
6,390, 342,518
6,387, 338,526
6,384, 337,534
6,384, 335,542
6,382, 334,550
6,381, 334,558
6,379, 332,567
6,378, 332,574
6,378, 331,582
6,377, 331,591
6,377, 330,598
6,375, 329,606
6,373, 329,614
6,372, 328,622
6,371, 327,630
6,368, 326,638
6,366, 326,646
6,364, 326,654
6,361, 325,662
6,357, 325,670
6,354, 325,678
6,349, 325,686
6,344, 325,694
6,333, 325,702
6,322, 325,710
6,312, 325,718
6,303, 325,726
6,295, 325,734
6,287, 325,742
6,278, 325,750
6,269, 325,758
6,261, 327,766
6,254, 328,774
6,250, 330,782
6,243, 330,790
6,237, 332,798
6,233, 332,806
6,229, 332,814
6,225, 335,822
6,224, 335,830
6,224, 336,838
6,223, 337,846
6,222, 337,854
6,221, 338,862
6,220, 338,870
6,219, 339,878
6,218, 339,886
6,217, 340,894
6,216, 341,902
6,215, 341,910
6,214, 342,918
6,213, 342,926
6,212, 342,934
6,212, 343,942
6,211, 344,950
6,210, 345,959
6,209, 346,966
6,208, 347,974
6,206, 348,982
6,205, 348,991
6,204, 348,999
6,203, 348,1006
4,205, 348,1159
4,209, 348,1167
4,217, 346,1174
4,228, 344,1182
4,242, 340,1190
4,259, 338,1198
4,277, 331,1207
4,295, 324,1215
4,316, 318,1222
4,333, 311,1230
4,348, 306,1238
4,361, 302,1246
4,372, 298,1254
4,379, 296,1262
4,385, 294,1270
4,386, 292,1278
4,388, 291,1286
4,389, 291,1302
4,390, 290,1318
4,391, 290,1350
4,391, 289,1406
4,391, 288,1414
4,391, 287,1430
4,391, 286,1438
4,391, 285,1446
4,390, 284,1454
4,390, 283,1462
4,390, 282,1470
4,390, 280,1478
4,389, 279,1486
4,389, 278,1494
4,389, 277,1502
4,389, 276,1510
4,388, 275,1518
4,388, 274,1526
4,388, 272,1534
4,388, 271,1542
4,388, 270,1551
4,389, 269,1559
4,390, 267,1566
4,391, 265,1574
4,394, 263,1582
4,395, 261,1590
4,397, 260,1598
4,398, 260,1606
4,399, 260,1614
3,398, 260,1735
3,397, 261,1742
3,393, 264,1750
3,388, 268,1758
3,382, 272,1767
3,374, 278,1775
3,365, 285,1782
3,355, 293,1790
3,346, 300,1798
3,339, 309,1806
3,331, 315,1814
3,324, 324,1822
3,317, 332,1831
3,311, 339,1839
3,306, 341,1846
3,300, 343,1854
3,295, 347,1862
3,293, 349,1870
3,291, 351,1878
3,288, 354,1887
3,286, 356,1895
3,286, 357,1902
3,286, 358,1910
3,285, 359,1918
3,285, 361,1926
3,283, 362,1934
3,283, 363,1942
3,282, 363,1951
3,281, 364,1958
3,280, 366,1966
3,279, 367,1982
3,278, 367,2006
5,279, 366,2159
5,280, 365,2174
5,281, 364,2182
5,282, 364,2198
5,283, 363,2238
5,284, 363,2254
5,286, 362,2270
5,287, 362,2278
5,289, 362,2286
5,292, 362,2294
5,296, 362,2302
5,300, 364,2310
5,304, 366,2318
5,310, 370,2326
5,318, 374,2335
5,327, 380,2342
5,335, 387,2350
5,343, 395,2358
5,350, 402,2366
5,356, 409,2374
5,361, 415,2383
5,366, 420,2391
5,368, 425,2399
5,369, 426,2407
5,369, 427,2415
5,370, 428,2422
5,370, 429,2439
5,370, 430,2447
5,371, 431,2462
5,372, 431,2478
5,372, 432,2495
5,373, 432,2527
5,374, 433,2542
5,374, 434,2550
5,374, 435,2558
5,375, 437,2566
5,376, 439,2575
5,377, 440,2582
5,378, 442,2590
5,379, 443,2598
5,380, 444,2607
5,380, 446,2614
5,381, 447,2623
5,383, 448,2630
5,385, 449,2638
5,386, 450,2646
5,387, 450,2654
5,387, 451,2662
5,388, 451,2670
</data>

</pull>

<pull>
 <ip>24.60.118.5</ip>
 <referer>http://www.cs.umb.edu/~joecohen/mouse/?name=j</referer>
 <date>Sun Apr 22 23:40:46 EDT 2012</date>
 <userAgent>Mozilla/5.0 (X11; Linux x86_64) AppleWebKit/535.19 (KHTML, like Gecko) Ubuntu/11.10 Chromium/18.0.1025.142 Chrome/18.0.1025.142 Safari/535.19</userAgent>
 <userLang>en-US,en;q=0.8</userLang>
 <data>  
8,305, 441,14
8,309, 438,21
8,316, 434,30
8,326, 427,38
8,338, 418,45
8,349, 409,53
8,362, 398,61
8,375, 387,69
8,386, 378,77
8,393, 371,86
8,395, 367,94
8,397, 364,101
8,398, 363,109
8,399, 361,117
8,399, 360,125
8,400, 360,133
8,401, 359,141
8,402, 358,149
8,403, 358,165
8,403, 357,190
8,404, 357,245
8,404, 356,253
8,405, 355,261
8,405, 354,269
8,405, 353,285
6,402, 353,398
6,398, 353,405
6,390, 353,413
6,381, 353,421
6,366, 353,430
6,352, 353,438
6,337, 353,445
6,322, 353,453
6,308, 353,462
6,294, 353,469
6,280, 353,477
6,267, 353,486
6,255, 353,494
6,240, 353,502
6,227, 355,509
6,216, 355,517
6,206, 355,525
6,197, 355,534
6,189, 355,541
6,181, 355,549
6,176, 355,557
6,172, 355,566
6,171, 355,574
6,169, 355,581
6,168, 355,589
6,167, 355,597
6,166, 355,605
6,165, 356,613
6,163, 356,621
6,162, 356,629
6,160, 356,638
6,159, 356,646
6,158, 356,654
6,157, 356,661
6,156, 356,669
6,155, 355,677
6,154, 355,685
6,155, 355,854
6,156, 355,861
6,158, 355,870
6,159, 355,877
6,162, 355,886
6,164, 354,893
6,167, 354,901
6,170, 354,909
6,172, 353,917
6,174, 353,925
6,177, 353,934
6,178, 353,941
6,179, 353,949
6,180, 353,957
4,181, 353,1094
4,185, 353,1101
4,189, 353,1109
4,203, 351,1118
4,221, 351,1126
4,238, 348,1134
4,255, 343,1142
4,274, 341,1150
4,294, 334,1158
4,313, 329,1166
4,332, 324,1174
4,349, 317,1182
4,365, 310,1189
4,378, 305,1197
4,389, 300,1205
4,396, 295,1213
4,402, 291,1221
4,404, 288,1229
4,405, 285,1237
4,405, 284,1245
4,406, 283,1253
4,407, 281,1261
4,408, 280,1269
4,408, 279,1277
4,409, 279,1286
4,409, 278,1293
4,409, 277,1302
4,409, 276,1309
4,409, 275,1317
4,409, 274,1333
4,409, 273,1341
4,409, 272,1349
4,409, 270,1358
4,408, 269,1366
4,408, 268,1374
4,408, 265,1381
4,407, 264,1389
4,406, 262,1397
4,406, 261,1405
4,406, 259,1413
4,405, 258,1422
4,405, 257,1430
4,405, 256,1437
4,404, 256,1446
4,404, 255,1454
3,402, 256,1566
3,399, 259,1574
3,389, 265,1581
3,377, 276,1590
3,365, 288,1598
3,354, 300,1606
3,343, 311,1614
3,332, 321,1621
3,323, 331,1629
3,314, 336,1638
3,309, 343,1645
3,304, 345,1653
3,300, 347,1661
3,299, 348,1669
3,297, 348,1677
3,296, 348,1685
3,295, 348,1694
3,295, 349,1701
3,294, 350,1709
3,293, 350,1717
3,292, 351,1758
5,293, 351,1958
5,296, 352,1965
5,299, 353,1973
5,304, 355,1982
5,310, 358,1990
5,317, 366,1998
5,325, 375,2006
5,335, 385,2013
5,348, 396,2021
5,361, 409,2030
5,373, 423,2038
5,380, 436,2046
5,385, 448,2054
5,389, 455,2061
5,391, 461,2070
5,394, 466,2077
5,394, 468,2085
5,395, 469,2093
5,395, 468,2206
5,395, 467,2221
5,395, 466,2230
5,395, 465,2245
5,395, 464,2261
5,396, 463,2269
5,396, 461,2277
5,397, 460,2285
5,398, 458,2293
5,398, 457,2301
5,399, 456,2318
</data>

</pull>

<pull>
 <ip>24.60.118.5</ip>
 <referer>http://www.cs.umb.edu/~joecohen/mouse/?name=j</referer>
 <date>Sun Apr 22 23:40:54 EDT 2012</date>
 <userAgent>Mozilla/5.0 (X11; Linux x86_64) AppleWebKit/535.19 (KHTML, like Gecko) Ubuntu/11.10 Chromium/18.0.1025.142 Chrome/18.0.1025.142 Safari/535.19</userAgent>
 <userLang>en-US,en;q=0.8</userLang>
 <data>  
8,301, 458,6
8,306, 456,14
8,312, 453,22
8,323, 442,30
8,338, 431,38
8,353, 420,46
8,367, 409,54
8,381, 396,62
8,392, 383,70
8,403, 372,78
8,408, 365,86
8,412, 365,94
8,413, 363,102
8,414, 361,110
8,414, 360,126
8,414, 359,134
8,413, 357,270
8,411, 357,278
8,410, 356,286
8,409, 356,294
8,408, 356,302
8,407, 356,318
6,405, 356,414
6,400, 356,422
6,390, 356,430
6,373, 356,438
6,354, 356,446
6,337, 356,454
6,321, 356,462
6,306, 356,471
6,292, 356,478
6,278, 356,486
6,267, 356,494
6,258, 356,502
6,250, 354,510
6,243, 354,518
6,239, 354,526
6,237, 354,534
6,235, 354,542
6,234, 354,550
6,232, 354,558
6,231, 354,566
6,230, 354,582
6,229, 354,662
6,228, 354,670
6,227, 354,678
6,226, 354,686
6,225, 353,694
6,224, 353,702
6,223, 353,710
6,221, 353,718
6,219, 353,726
6,217, 353,734
6,215, 352,742
6,213, 352,750
6,211, 352,758
6,209, 352,766
6,207, 352,774
6,205, 351,782
6,203, 351,790
6,202, 351,798
6,200, 351,806
6,198, 351,814
6,196, 351,822
6,194, 351,830
6,192, 351,838
6,191, 351,846
6,190, 351,854
6,189, 351,870
6,189, 350,974
6,194, 348,982
4,200, 345,990
4,215, 339,998
4,234, 333,1006
4,254, 326,1014
4,274, 318,1022
4,293, 310,1030
4,310, 302,1038
4,326, 294,1046
4,341, 287,1054
4,354, 282,1062
4,363, 280,1070
4,370, 278,1078
4,375, 276,1086
4,376, 275,1094
4,378, 274,1102
4,379, 273,1110
4,379, 272,1118
4,380, 272,1126
4,380, 271,1150
4,380, 270,1174
4,381, 270,1182
4,381, 269,1190
4,381, 268,1198
4,382, 267,1206
4,382, 266,1222
4,382, 265,1230
4,383, 264,1238
4,385, 263,1246
4,388, 261,1254
4,391, 259,1262
4,394, 258,1270
4,396, 258,1278
4,398, 256,1286
4,401, 256,1294
4,402, 254,1302
4,404, 253,1310
4,405, 252,1318
4,407, 251,1326
4,408, 250,1342
3,408, 251,1430
3,406, 253,1438
3,401, 257,1446
3,393, 264,1454
3,384, 274,1463
3,375, 284,1470
3,366, 295,1478
3,356, 305,1486
3,346, 315,1494
3,336, 324,1502
3,327, 332,1510
3,322, 334,1518
3,316, 337,1526
3,314, 339,1534
3,313, 339,1542
3,311, 340,1550
3,310, 340,1598
3,309, 340,1606
3,309, 341,1614
3,308, 341,1622
3,307, 341,1630
3,306, 341,1646
3,305, 341,1654
3,304, 342,1662
3,303, 342,1670
3,302, 342,1686
3,301, 342,1694
3,300, 342,1710
3,300, 343,1726
3,299, 343,1734
5,302, 344,1846
5,306, 347,1854
5,315, 355,1862
5,325, 366,1870
5,336, 378,1878
5,348, 389,1886
5,357, 398,1894
5,364, 406,1902
5,369, 413,1910
5,372, 415,1918
5,374, 417,1926
5,375, 419,1934
5,377, 421,1942
5,378, 422,1950
5,379, 423,1958
5,380, 426,1966
5,382, 427,1974
5,383, 429,1982
5,384, 431,1990
5,384, 432,1998
5,386, 433,2006
5,387, 434,2014
5,388, 434,2022
5,389, 435,2030
5,390, 436,2046
5,391, 436,2054
5,391, 437,2062
5,392, 437,2071
5,393, 439,2078
5,394, 440,2094
5,395, 441,2102
5,395, 442,2110
5,396, 444,2118
5,397, 444,2126
5,398, 445,2134
5,399, 445,2142
5,400, 446,2150
5,401, 446,2158
5,402, 447,2166
</data>

</pull>

<pull>
 <ip>24.60.118.5</ip>
 <referer>http://www.cs.umb.edu/~joecohen/mouse/?name=j</referer>
 <date>Sun Apr 22 23:40:58 EDT 2012</date>
 <userAgent>Mozilla/5.0 (X11; Linux x86_64) AppleWebKit/535.19 (KHTML, like Gecko) Ubuntu/11.10 Chromium/18.0.1025.142 Chrome/18.0.1025.142 Safari/535.19</userAgent>
 <userLang>en-US,en;q=0.8</userLang>
 <data>  
8,309, 447,22
8,312, 445,30
8,318, 441,38
8,326, 433,46
8,336, 425,54
8,344, 416,62
8,353, 409,70
8,362, 402,78
8,369, 396,86
8,377, 389,94
8,382, 384,102
8,385, 381,110
8,387, 377,118
8,389, 374,126
8,391, 371,134
8,392, 371,142
8,392, 370,150
8,393, 369,158
8,394, 367,166
8,395, 366,174
8,395, 365,182
8,396, 364,190
8,397, 363,198
8,397, 362,206
8,397, 361,214
8,397, 360,222
8,397, 359,230
8,398, 358,238
8,398, 357,246
8,399, 355,254
8,399, 354,262
8,400, 352,270
8,400, 351,278
8,400, 350,294
6,398, 351,398
6,393, 352,406
6,385, 355,414
6,375, 355,422
6,360, 357,430
6,344, 357,438
6,327, 357,446
6,312, 357,454
6,297, 357,462
6,281, 357,470
6,265, 357,478
6,250, 357,486
6,237, 357,494
6,224, 357,502
6,213, 357,510
6,202, 357,518
6,191, 357,526
6,185, 357,534
6,178, 357,542
6,171, 357,550
6,166, 357,558
6,162, 357,566
6,161, 357,574
6,160, 357,582
6,159, 357,590
6,158, 357,606
6,160, 357,758
6,162, 357,766
6,164, 356,774
6,167, 356,782
6,169, 356,790
6,172, 356,798
6,174, 356,806
6,175, 355,814
6,177, 355,822
6,178, 355,830
4,181, 354,950
4,188, 354,958
4,200, 354,966
4,217, 354,974
4,236, 352,982
4,259, 349,990
4,283, 345,998
4,304, 338,1006
4,323, 331,1014
4,341, 325,1022
4,358, 319,1030
4,371, 313,1038
4,382, 307,1046
4,389, 305,1054
4,394, 302,1062
4,395, 301,1070
4,396, 299,1078
4,397, 298,1086
4,398, 298,1094
4,399, 298,1126
4,399, 297,1142
4,399, 296,1150
4,399, 295,1158
4,399, 294,1174
4,399, 293,1190
4,399, 291,1198
4,398, 290,1206
4,398, 289,1214
4,398, 287,1222
4,398, 286,1230
4,398, 285,1238
4,398, 284,1246
4,397, 282,1254
4,397, 280,1262
4,397, 278,1270
4,397, 276,1278
4,397, 273,1286
4,397, 271,1294
4,398, 268,1302
4,399, 266,1310
4,401, 264,1318
4,402, 262,1326
4,402, 261,1334
4,403, 260,1342
3,401, 261,1438
3,397, 264,1446
3,390, 272,1454
3,384, 281,1462
3,375, 289,1470
3,365, 300,1478
3,355, 312,1486
3,344, 323,1494
3,333, 332,1502
3,323, 340,1510
3,314, 348,1518
3,306, 355,1526
3,298, 361,1534
3,291, 366,1542
3,287, 370,1550
3,280, 372,1559
3,279, 374,1566
3,277, 375,1574
3,276, 376,1590
3,276, 377,1598
3,275, 377,1630
3,276, 377,1710
3,277, 376,1718
3,278, 375,1726
3,280, 373,1734
3,282, 371,1742
3,284, 369,1750
3,286, 366,1758
3,288, 365,1766
3,289, 363,1774
3,291, 362,1782
3,291, 361,1798
3,291, 360,1822
5,292, 361,1910
5,294, 363,1918
5,296, 365,1926
5,299, 368,1934
5,303, 372,1942
5,308, 378,1950
5,314, 385,1958
5,322, 392,1966
5,330, 401,1974
5,337, 409,1982
5,344, 417,1990
5,349, 423,1998
5,353, 429,2006
5,359, 434,2014
5,364, 438,2022
5,368, 443,2030
5,372, 446,2038
5,375, 450,2046
5,376, 450,2062
5,377, 450,2110
5,378, 450,2134
5,379, 450,2166
5,381, 450,2191
5,382, 450,2206
5,383, 450,2214
5,385, 450,2222
5,386, 450,2230
5,387, 450,2238
5,388, 450,2246
</data>

</pull>

<pull>
 <ip>24.60.118.5</ip>
 <referer>http://www.cs.umb.edu/~joecohen/mouse/?name=j</referer>
 <date>Sun Apr 22 23:41:01 EDT 2012</date>
 <userAgent>Mozilla/5.0 (X11; Linux x86_64) AppleWebKit/535.19 (KHTML, like Gecko) Ubuntu/11.10 Chromium/18.0.1025.142 Chrome/18.0.1025.142 Safari/535.19</userAgent>
 <userLang>en-US,en;q=0.8</userLang>
 <data>  
8,295, 447,6
8,299, 444,14
8,304, 441,22
8,314, 434,30
8,324, 426,39
8,334, 418,46
8,345, 410,54
8,352, 402,62
8,358, 395,70
8,363, 390,78
8,368, 385,86
8,370, 381,94
8,372, 380,102
8,375, 378,110
8,376, 378,118
8,378, 376,126
8,379, 374,142
8,380, 374,150
8,380, 373,158
8,380, 372,166
8,381, 371,174
8,381, 370,182
8,381, 369,190
8,382, 368,198
8,383, 367,214
8,384, 365,230
8,384, 364,238
8,384, 362,246
8,385, 360,254
8,386, 358,262
8,387, 357,270
8,388, 356,278
8,389, 353,286
8,391, 353,294
8,392, 351,302
8,394, 351,310
8,394, 350,318
8,394, 349,326
6,390, 350,422
6,387, 350,430
6,379, 352,439
6,369, 353,446
6,357, 353,454
6,344, 353,462
6,330, 353,470
6,317, 353,478
6,305, 353,486
6,295, 353,494
6,284, 353,502
6,273, 353,510
6,263, 353,519
6,252, 353,526
6,243, 353,534
6,235, 353,542
6,228, 353,550
6,223, 353,558
6,219, 353,566
6,215, 353,574
6,213, 353,582
6,211, 353,590
6,210, 353,598
6,208, 353,606
6,207, 353,614
6,205, 353,622
6,203, 353,630
6,201, 353,638
6,199, 353,646
6,198, 353,654
6,197, 353,662
6,195, 353,670
6,194, 353,686
6,193, 353,694
6,192, 353,702
6,190, 353,710
6,188, 353,718
6,187, 353,726
6,185, 353,734
6,184, 353,742
6,183, 353,750
6,186, 353,862
4,194, 353,870
4,209, 351,878
4,228, 346,886
4,247, 341,894
4,265, 334,902
4,280, 327,910
4,297, 320,918
4,310, 312,926
4,322, 304,934
4,333, 297,942
4,342, 291,950
4,350, 286,958
4,358, 282,966
4,366, 277,974
4,373, 271,982
4,375, 266,990
4,378, 265,998
4,380, 264,1006
4,381, 262,1014
4,382, 261,1022
4,384, 259,1030
4,384, 258,1038
4,385, 257,1054
4,386, 256,1062
4,386, 255,1070
4,387, 255,1086
4,387, 254,1094
4,388, 253,1110
4,389, 253,1126
4,390, 252,1134
4,391, 252,1150
4,392, 251,1158
4,393, 250,1166
4,394, 250,1174
4,395, 250,1182
4,396, 249,1190
4,397, 249,1198
3,396, 249,1302
3,394, 249,1310
3,390, 251,1318
3,384, 255,1326
3,377, 262,1335
3,367, 272,1342
3,357, 282,1350
3,348, 293,1358
3,340, 300,1366
3,332, 307,1374
3,324, 315,1382
3,317, 323,1390
3,311, 329,1398
3,305, 335,1406
3,300, 340,1414
3,295, 344,1422
3,292, 344,1430
3,289, 348,1438
3,287, 352,1446
3,286, 353,1454
3,284, 354,1462
3,283, 355,1470
3,281, 357,1478
3,280, 358,1486
3,279, 359,1494
3,278, 360,1510
3,278, 361,1518
3,277, 361,1526
3,277, 362,1534
3,276, 362,1550
5,277, 363,1686
5,279, 363,1694
5,281, 363,1702
5,283, 363,1710
5,285, 363,1718
5,286, 363,1726
5,288, 363,1734
5,291, 364,1742
5,294, 366,1750
5,298, 369,1758
5,304, 373,1767
5,311, 379,1774
5,320, 387,1782
5,328, 396,1790
5,336, 405,1798
5,345, 413,1806
5,354, 420,1814
5,363, 427,1822
5,371, 434,1830
5,376, 440,1838
5,380, 441,1846
5,382, 443,1854
5,383, 443,1878
5,384, 443,1910
5,385, 443,1926
5,385, 444,1934
5,386, 445,1950
5,387, 445,1958
5,388, 446,1966
5,389, 446,1982
5,390, 446,1998
5,391, 446,2014
5,392, 446,2030
5,393, 446,2038
5,393, 447,2046
5,394, 448,2054
5,395, 448,2070
5,396, 449,2078
</data>

</pull>

<pull>
 <ip>24.60.118.5</ip>
 <referer>http://www.cs.umb.edu/~joecohen/mouse/?name=j</referer>
 <date>Sun Apr 22 23:41:06 EDT 2012</date>
 <userAgent>Mozilla/5.0 (X11; Linux x86_64) AppleWebKit/535.19 (KHTML, like Gecko) Ubuntu/11.10 Chromium/18.0.1025.142 Chrome/18.0.1025.142 Safari/535.19</userAgent>
 <userLang>en-US,en;q=0.8</userLang>
 <data>  
8,306, 463,14
8,310, 461,21
8,314, 459,29
8,323, 452,37
8,333, 444,45
8,345, 434,53
8,356, 425,61
8,367, 416,69
8,378, 405,77
8,388, 396,85
8,395, 389,93
8,402, 382,101
8,406, 378,109
8,410, 373,117
8,412, 369,125
8,414, 366,133
8,415, 365,141
8,416, 364,149
8,417, 362,157
8,417, 361,173
8,418, 360,181
8,418, 359,189
8,418, 358,205
8,418, 357,221
8,418, 356,229
8,418, 354,237
8,418, 353,253
6,415, 354,405
6,411, 354,413
6,404, 356,421
6,395, 357,429
6,381, 357,437
6,365, 357,445
6,350, 357,453
6,333, 357,461
6,318, 357,469
6,303, 357,477
6,287, 357,485
6,271, 357,493
6,256, 357,501
6,243, 357,509
6,230, 357,517
6,217, 357,525
6,208, 357,533
6,200, 357,541
6,195, 357,549
6,192, 357,557
6,190, 358,565
6,189, 358,573
6,188, 358,581
6,187, 358,589
6,186, 358,605
4,189, 358,805
4,194, 357,813
4,205, 355,822
4,217, 352,830
4,231, 348,837
4,246, 343,845
4,263, 338,853
4,281, 333,862
4,299, 326,870
4,317, 319,877
4,332, 310,886
4,346, 305,893
4,355, 298,901
4,364, 291,909
4,371, 286,917
4,376, 281,925
4,381, 276,933
4,383, 271,941
4,385, 267,950
4,387, 262,957
4,388, 259,965
4,390, 257,973
4,391, 254,981
4,392, 253,989
4,393, 252,997
4,394, 252,1013
4,394, 250,1093
4,395, 250,1101
4,396, 250,1109
4,397, 249,1117
4,398, 249,1133
4,397, 249,1222
4,394, 251,1229
4,388, 255,1237
4,381, 260,1245
4,371, 266,1254
4,362, 274,1261
4,352, 285,1269
4,343, 295,1277
4,333, 304,1285
4,324, 313,1293
4,316, 322,1301
4,308, 329,1309
4,301, 335,1318
4,296, 340,1325
4,295, 341,1333
4,294, 343,1341
4,293, 344,1349
4,291, 346,1357
4,290, 347,1365
4,289, 347,1381
4,289, 348,1389
4,289, 349,1397
4,288, 350,1413
4,287, 350,1429
4,287, 351,1437
5,288, 352,1597
5,290, 354,1605
5,295, 356,1613
5,301, 360,1621
5,307, 366,1629
5,314, 376,1637
5,322, 387,1645
5,331, 398,1653
5,339, 407,1661
5,347, 417,1669
5,354, 422,1677
5,360, 429,1685
5,367, 436,1693
5,371, 441,1701
5,373, 443,1709
5,375, 444,1717
5,377, 444,1725
5,377, 445,1733
5,378, 445,1741
5,378, 446,1749
5,379, 446,1757
5,380, 446,1773
5,380, 443,2005
5,380, 440,2013
5,380, 435,2021
5,380, 426,2029
5,380, 413,2037
5,380, 397,2045
5,380, 381,2053
5,380, 365,2062
5,380, 348,2069
5,380, 331,2077
5,382, 316,2085
5,384, 305,2093
5,386, 296,2101
5,386, 290,2109
5,388, 284,2117
5,388, 280,2125
5,388, 278,2133
5,388, 277,2149
5,388, 276,2157
5,388, 275,2173
5,389, 275,2285
5,390, 274,2293
5,391, 274,2317
5,392, 274,2365
5,393, 274,2381
5,394, 274,2397
5,395, 273,2405
5,396, 272,2413
5,398, 271,2421
5,398, 270,2429
5,400, 269,2437
5,400, 268,2445
5,401, 266,2453
5,402, 264,2461
3,402, 263,2613
3,400, 264,2621
3,398, 265,2629
3,395, 266,2637
3,391, 269,2645
3,385, 273,2654
3,378, 278,2661
3,372, 283,2669
3,365, 289,2678
3,358, 294,2685
3,352, 299,2693
3,347, 303,2701
3,345, 307,2709
3,341, 310,2717
3,336, 312,2725
3,335, 313,2733
3,333, 315,2741
3,332, 316,2749
3,328, 318,2758
3,324, 321,2765
3,323, 325,2773
3,321, 326,2781
3,319, 328,2789
3,318, 329,2797
3,317, 331,2805
3,315, 334,2814
3,315, 336,2821
3,313, 337,2829
3,313, 339,2837
3,312, 341,2845
3,310, 343,2853
3,309, 344,2861
3,307, 345,2869
3,306, 346,2877
3,304, 348,2885
3,303, 349,2893
3,302, 349,2901
3,301, 349,2909
5,303, 349,3029
5,305, 349,3037
5,308, 349,3045
5,312, 350,3053
5,315, 352,3061
5,318, 354,3069
5,323, 358,3077
5,328, 362,3085
5,333, 368,3093
5,338, 374,3101
5,340, 379,3109
5,343, 384,3117
5,344, 388,3125
5,346, 392,3133
5,347, 397,3141
5,349, 401,3149
5,351, 406,3157
5,355, 412,3165
5,356, 416,3173
5,358, 420,3181
5,359, 423,3189
5,363, 427,3197
5,364, 429,3205
5,365, 430,3213
5,365, 431,3221
5,367, 432,3229
5,367, 434,3237
5,368, 435,3245
5,369, 437,3253
5,370, 437,3262
5,371, 437,3269
5,372, 437,3285
5,373, 438,3293
5,374, 439,3301
5,376, 440,3317
5,377, 441,3325
5,378, 443,3333
5,380, 443,3341
5,382, 444,3350
5,385, 446,3357
5,388, 447,3365
5,390, 448,3373
5,392, 448,3381
5,393, 448,3389
5,394, 448,3405
</data>

</pull>

<pull>
 <ip>24.60.118.5</ip>
 <referer>http://www.cs.umb.edu/~joecohen/mouse/?name=j</referer>
 <date>Sun Apr 22 23:41:10 EDT 2012</date>
 <userAgent>Mozilla/5.0 (X11; Linux x86_64) AppleWebKit/535.19 (KHTML, like Gecko) Ubuntu/11.10 Chromium/18.0.1025.142 Chrome/18.0.1025.142 Safari/535.19</userAgent>
 <userLang>en-US,en;q=0.8</userLang>
 <data>  
8,307, 450,15
8,311, 447,22
8,319, 439,31
8,327, 429,38
8,338, 419,46
8,350, 409,54
8,361, 399,62
8,370, 389,70
8,379, 379,78
8,384, 370,87
8,389, 363,94
8,394, 357,102
8,396, 355,110
8,397, 354,118
8,397, 353,126
8,398, 353,134
8,399, 353,142
8,399, 352,150
8,400, 351,158
8,401, 350,182
8,402, 350,206
8,403, 350,214
8,404, 350,246
8,405, 350,262
8,406, 350,278
8,407, 350,286
6,404, 350,414
6,400, 350,422
6,393, 350,430
6,386, 350,438
6,374, 350,447
6,361, 350,454
6,347, 350,462
6,332, 350,470
6,318, 350,479
6,305, 350,487
6,292, 350,494
6,279, 350,502
6,267, 350,511
6,256, 352,518
6,245, 352,527
6,235, 352,534
6,228, 352,542
6,221, 352,550
6,217, 352,558
6,214, 352,566
6,212, 352,574
6,211, 352,582
6,209, 352,590
6,208, 352,606
6,207, 352,614
6,206, 352,622
6,205, 352,639
6,204, 352,655
6,203, 352,663
6,202, 352,670
6,200, 352,678
6,199, 352,686
6,198, 352,694
6,196, 352,702
6,195, 352,718
6,194, 352,727
6,193, 352,734
6,192, 352,750
4,194, 352,862
4,198, 350,870
4,210, 347,879
4,224, 342,886
4,239, 336,894
4,255, 327,902
4,272, 316,910
4,290, 307,918
4,308, 298,926
4,321, 287,934
4,334, 278,942
4,343, 270,950
4,352, 262,958
4,359, 257,966
4,364, 253,974
4,367, 249,982
4,369, 248,990
4,370, 247,998
4,371, 246,1006
4,372, 245,1014
4,372, 244,1022
4,373, 244,1030
4,374, 244,1046
4,374, 243,1054
4,374, 242,1062
4,375, 242,1086
4,375, 241,1094
4,376, 241,1102
4,377, 241,1110
4,378, 240,1118
4,379, 240,1126
4,380, 240,1135
4,382, 239,1143
4,384, 239,1150
4,385, 239,1158
4,387, 239,1166
4,389, 239,1182
4,390, 239,1190
4,391, 240,1206
4,392, 242,1214
4,393, 243,1222
4,395, 244,1230
4,395, 245,1238
4,396, 245,1254
3,393, 249,1383
3,391, 250,1390
3,384, 255,1398
3,375, 263,1407
3,367, 272,1414
3,359, 280,1422
3,351, 289,1430
3,346, 297,1438
3,339, 301,1446
3,333, 308,1454
3,328, 310,1462
3,325, 312,1470
3,320, 316,1478
3,315, 319,1486
3,313, 321,1494
3,312, 322,1502
3,311, 324,1510
3,310, 324,1526
3,310, 325,1534
3,309, 325,1542
3,308, 325,1558
3,308, 326,1566
3,307, 327,1582
3,306, 328,1598
3,305, 329,1614
3,304, 330,1622
3,303, 332,1631
3,302, 333,1638
3,301, 334,1646
3,300, 335,1654
3,298, 336,1662
3,298, 337,1670
3,298, 338,1678
5,299, 340,1814
5,302, 342,1822
5,306, 345,1830
5,313, 351,1838
5,323, 357,1847
5,332, 366,1854
5,340, 374,1862
5,350, 383,1870
5,359, 392,1878
5,365, 400,1886
5,371, 406,1894
5,377, 411,1902
5,377, 415,1910
5,377, 418,1918
5,378, 419,1926
5,379, 421,1934
5,380, 423,1942
5,381, 424,1950
5,381, 426,1958
5,383, 427,1966
5,383, 429,1974
5,384, 430,1982
5,384, 431,1990
5,385, 432,1999
5,387, 433,2015
5,388, 433,2022
5,388, 434,2030
5,389, 434,2046
5,390, 435,2054
5,391, 436,2070
5,392, 436,2086
5,392, 437,2094
5,393, 438,2102
5,394, 438,2110
5,395, 439,2118
5,396, 440,2126
5,397, 440,2134
5,399, 441,2142
</data>

</pull>

<pull>
 <ip>24.60.118.5</ip>
 <referer>http://www.cs.umb.edu/~joecohen/mouse/?name=j</referer>
 <date>Sun Apr 22 23:41:15 EDT 2012</date>
 <userAgent>Mozilla/5.0 (X11; Linux x86_64) AppleWebKit/535.19 (KHTML, like Gecko) Ubuntu/11.10 Chromium/18.0.1025.142 Chrome/18.0.1025.142 Safari/535.19</userAgent>
 <userLang>en-US,en;q=0.8</userLang>
 <data>  
8,306, 445,15
8,309, 445,23
8,314, 441,30
8,321, 434,39
8,328, 425,46
8,339, 416,54
8,351, 406,62
8,358, 397,70
8,363, 390,78
8,367, 383,86
8,371, 377,94
8,373, 372,103
8,374, 369,110
8,376, 366,118
8,377, 365,126
8,378, 364,134
8,379, 363,142
8,379, 362,151
8,380, 362,159
8,380, 361,166
8,381, 360,175
8,382, 360,182
8,382, 359,190
8,383, 358,198
8,384, 358,207
8,384, 357,215
8,385, 357,222
8,385, 356,230
8,386, 355,239
8,387, 354,246
8,388, 354,254
8,389, 353,262
8,390, 352,270
8,392, 351,278
8,393, 350,286
8,394, 349,294
8,395, 349,302
8,396, 349,310
8,397, 349,326
6,396, 349,423
6,394, 349,430
6,391, 349,438
6,388, 349,446
6,384, 349,454
6,379, 349,463
6,374, 349,470
6,367, 349,478
6,361, 349,486
6,354, 349,494
6,347, 349,502
6,338, 349,510
6,329, 349,518
6,320, 351,526
6,311, 351,535
6,301, 351,542
6,293, 351,550
6,286, 351,558
6,279, 351,566
6,273, 351,574
6,268, 351,584
6,263, 351,590
6,257, 351,598
6,253, 351,606
6,249, 351,614
6,245, 351,622
6,241, 351,630
6,236, 351,638
6,230, 351,647
6,226, 351,654
6,224, 351,662
6,222, 351,670
6,219, 351,678
6,217, 351,686
6,215, 351,694
6,212, 351,702
6,210, 351,710
6,208, 351,718
6,206, 351,726
6,204, 351,735
6,202, 351,742
6,201, 351,750
6,200, 351,766
6,199, 351,783
6,198, 351,798
6,196, 351,806
6,195, 351,814
6,193, 351,822
6,190, 351,830
6,189, 351,838
6,188, 351,846
6,187, 351,854
6,189, 351,951
6,192, 350,959
6,196, 350,966
6,203, 348,974
6,212, 347,983
6,219, 343,990
6,227, 337,998
6,236, 332,1006
6,244, 327,1015
6,252, 321,1023
6,261, 315,1030
6,270, 307,1038
6,280, 301,1046
6,288, 294,1054
6,297, 288,1062
6,306, 281,1070
6,317, 274,1079
6,326, 269,1086
6,333, 264,1095
6,339, 260,1103
6,344, 258,1110
6,348, 256,1118
6,351, 256,1126
6,354, 255,1134
6,357, 253,1143
6,359, 252,1150
6,361, 251,1158
6,363, 251,1166
6,365, 251,1174
6,367, 251,1182
6,369, 250,1190
6,370, 249,1198
6,371, 249,1207
6,373, 248,1214
6,375, 248,1222
6,377, 248,1230
6,379, 248,1238
6,381, 248,1247
6,383, 248,1254
6,385, 247,1263
6,386, 247,1270
6,387, 247,1278
6,388, 247,1286
6,389, 247,1302
6,390, 247,1318
6,391, 247,1334
6,393, 247,1342
6,394, 247,1350
6,395, 247,1358
6,396, 247,1366
6,397, 247,1374
6,398, 247,1382
6,399, 248,1390
6,400, 248,1398
6,398, 248,1495
3,396, 250,1503
3,392, 254,1510
3,388, 259,1518
3,382, 265,1526
3,374, 271,1535
3,365, 278,1542
3,358, 285,1550
3,350, 292,1558
3,341, 298,1566
3,335, 306,1574
3,328, 314,1582
3,320, 321,1590
3,316, 328,1598
3,312, 334,1607
3,308, 340,1614
3,307, 344,1622
3,302, 347,1630
3,301, 352,1638
3,298, 353,1646
3,297, 355,1654
3,296, 356,1662
3,295, 356,1670
3,295, 357,1678
3,294, 357,1686
3,294, 358,1694
3,293, 358,1702
3,292, 358,1718
3,290, 359,1726
3,290, 360,1734
3,289, 360,1742
3,287, 361,1750
3,286, 361,1766
3,284, 361,1918
3,280, 361,1927
3,275, 361,1934
3,266, 359,1943
3,255, 359,1950
3,243, 359,1958
3,232, 359,1966
3,224, 357,1974
3,217, 357,1982
3,213, 357,1990
3,209, 356,1998
3,208, 356,2006
3,207, 356,2014
3,206, 356,2022
3,205, 356,2031
3,203, 356,2039
3,202, 355,2046
3,201, 355,2054
3,200, 355,2062
3,199, 355,2070
3,198, 355,2078
3,196, 355,2086
3,194, 354,2095
3,192, 354,2102
3,191, 354,2110
3,190, 353,2118
3,189, 352,2126
3,188, 352,2134
3,188, 351,2142
4,190, 351,2287
4,193, 351,2294
4,200, 351,2302
4,208, 351,2311
4,216, 349,2319
4,225, 347,2326
4,235, 340,2334
4,245, 339,2342
4,256, 334,2350
4,273, 334,2359
4,287, 329,2367
4,304, 327,2374
4,323, 322,2383
4,340, 317,2390
4,356, 313,2398
4,372, 309,2406
4,385, 307,2414
4,394, 305,2422
4,401, 305,2430
4,402, 305,2438
4,403, 304,2447
4,404, 304,2454
4,404, 303,2462
4,405, 303,2470
4,406, 303,2478
4,406, 302,2486
4,407, 301,2503
4,407, 300,2511
4,408, 300,2518
4,408, 299,2526
4,408, 298,2534
4,408, 297,2542
4,408, 296,2558
4,408, 295,2567
4,408, 294,2582
4,407, 293,2590
4,407, 292,2598
4,407, 290,2606
4,406, 288,2614
4,405, 287,2622
4,404, 285,2630
4,403, 283,2638
4,402, 281,2646
4,401, 280,2654
4,400, 278,2662
4,400, 276,2670
4,399, 274,2678
4,399, 273,2686
4,399, 271,2694
4,399, 269,2703
4,399, 268,2710
3,397, 269,2863
3,394, 272,2871
3,388, 277,2879
3,382, 283,2886
3,374, 292,2894
3,367, 301,2902
3,358, 310,2910
3,349, 317,2918
3,340, 324,2926
3,333, 329,2934
3,328, 337,2942
3,322, 342,2950
3,316, 346,2958
3,312, 349,2967
3,308, 353,2974
3,307, 354,2982
3,305, 355,2990
3,304, 356,2999
3,302, 357,3006
3,301, 358,3014
3,300, 359,3022
3,299, 360,3038
3,299, 361,3054
3,298, 361,3062
3,297, 362,3079
3,295, 363,3103
3,294, 363,3110
3,293, 363,3118
3,292, 364,3126
5,294, 365,3271
5,297, 365,3278
5,300, 365,3286
5,304, 367,3294
5,309, 370,3302
5,314, 374,3311
5,320, 379,3319
5,328, 387,3327
5,337, 394,3334
5,346, 401,3342
5,355, 411,3350
5,363, 422,3358
5,370, 430,3366
5,377, 435,3375
5,383, 439,3383
5,387, 441,3390
5,389, 443,3398
5,389, 444,3414
5,390, 444,3422
5,390, 445,3471
</data>

</pull>

<pull>
 <ip>24.60.118.5</ip>
 <referer>http://www.cs.umb.edu/~joecohen/mouse/?name=j</referer>
 <date>Sun Apr 22 23:41:21 EDT 2012</date>
 <userAgent>Mozilla/5.0 (X11; Linux x86_64) AppleWebKit/535.19 (KHTML, like Gecko) Ubuntu/11.10 Chromium/18.0.1025.142 Chrome/18.0.1025.142 Safari/535.19</userAgent>
 <userLang>en-US,en;q=0.8</userLang>
 <data>  
8,299, 452,15
8,301, 449,23
8,305, 444,31
8,311, 438,39
8,318, 430,47
8,326, 421,55
8,335, 413,63
8,342, 402,71
8,350, 395,79
8,358, 387,87
8,363, 382,95
8,366, 377,103
8,366, 373,110
8,368, 371,119
8,369, 369,127
8,371, 366,135
8,373, 364,143
8,376, 363,151
8,378, 361,159
8,380, 359,167
8,382, 358,175
8,384, 356,183
8,386, 356,191
8,387, 355,199
8,387, 354,207
8,388, 354,223
8,388, 353,231
8,389, 352,238
8,389, 351,247
8,390, 351,255
8,391, 351,263
8,391, 350,271
8,392, 350,278
8,393, 350,286
8,394, 350,294
8,395, 350,303
8,395, 349,310
8,397, 349,319
8,398, 349,327
8,399, 349,335
8,400, 349,343
8,401, 349,358
6,400, 349,455
6,398, 349,463
6,394, 349,471
6,390, 349,479
6,381, 349,487
6,371, 349,495
6,359, 349,503
6,347, 349,511
6,337, 349,519
6,327, 349,527
6,317, 349,535
6,307, 349,543
6,296, 349,551
6,287, 349,559
6,278, 349,567
6,268, 351,575
6,260, 351,583
6,252, 351,591
6,242, 351,599
6,234, 353,607
6,227, 353,615
6,222, 353,623
6,217, 353,631
6,215, 353,639
6,213, 353,647
6,211, 353,655
6,207, 353,663
6,203, 354,671
6,200, 354,679
6,198, 354,687
6,196, 354,695
6,194, 354,703
6,192, 354,711
6,191, 354,719
6,189, 355,727
6,188, 355,735
6,187, 354,743
6,186, 354,751
6,187, 355,895
6,191, 354,903
6,197, 352,911
6,202, 348,919
6,209, 343,927
6,219, 338,935
6,229, 330,943
6,243, 321,951
6,258, 310,959
6,275, 301,967
6,293, 293,975
6,311, 284,983
6,329, 277,991
6,348, 270,999
6,365, 265,1007
6,380, 263,1015
6,394, 258,1023
6,405, 256,1031
6,414, 256,1039
6,419, 254,1047
6,422, 253,1055
6,423, 253,1071
6,423, 252,1079
6,424, 252,1087
6,424, 251,1095
6,424, 250,1111
6,425, 250,1127
6,423, 250,1271
6,420, 250,1279
6,418, 252,1286
6,413, 253,1295
6,406, 256,1303
6,399, 259,1311
6,390, 261,1319
6,380, 264,1327
6,371, 265,1335
6,362, 268,1343
6,354, 270,1351
6,346, 270,1359
6,339, 274,1367
6,331, 279,1375
6,321, 283,1383
6,309, 289,1391
6,296, 296,1399
6,285, 301,1407
6,273, 308,1415
6,260, 316,1423
6,249, 323,1431
6,240, 329,1439
6,233, 335,1447
6,225, 339,1455
6,218, 341,1463
6,212, 344,1471
6,207, 348,1479
6,202, 350,1487
6,198, 352,1495
6,193, 354,1503
6,187, 357,1511
6,183, 357,1519
6,182, 359,1527
6,180, 359,1535
6,179, 361,1543
6,177, 361,1551
6,176, 361,1559
6,174, 362,1567
6,173, 362,1575
6,171, 362,1583
6,170, 362,1591
6,169, 362,1599
6,168, 362,1607
6,167, 362,1623
4,168, 361,1791
4,170, 360,1799
4,173, 359,1807
4,176, 358,1815
4,180, 356,1823
4,187, 355,1831
4,192, 349,1839
4,200, 344,1847
4,208, 339,1855
4,221, 333,1863
4,237, 325,1871
4,254, 317,1879
4,275, 309,1887
4,296, 300,1895
4,315, 291,1903
4,332, 283,1911
4,347, 276,1919
4,360, 270,1927
4,367, 264,1935
4,373, 262,1943
4,374, 261,1951
4,375, 260,1959
4,375, 259,1967
4,376, 259,1975
4,376, 258,1983
4,376, 257,1991
4,377, 256,1999
4,378, 255,2007
4,379, 254,2015
4,380, 253,2023
4,380, 252,2031
4,381, 251,2047
4,381, 250,2071
4,382, 249,2095
4,382, 248,2103
4,383, 247,2111
4,384, 246,2127
4,385, 246,2135
4,385, 245,2143
4,386, 244,2151
4,387, 244,2159
4,388, 243,2167
4,389, 243,2175
3,389, 245,2295
3,388, 247,2303
3,386, 250,2311
3,382, 255,2319
3,378, 261,2327
3,373, 268,2335
3,366, 276,2343
3,359, 285,2351
3,351, 293,2359
3,344, 300,2367
3,338, 310,2375
3,329, 317,2383
3,325, 323,2391
3,320, 327,2399
3,315, 331,2407
3,314, 332,2415
3,312, 333,2423
3,310, 334,2431
3,308, 335,2439
3,308, 336,2447
3,307, 337,2455
3,306, 338,2471
3,306, 339,2479
3,305, 339,2487
3,304, 340,2503
3,303, 341,2519
3,303, 342,2526
3,302, 343,2543
3,301, 344,2551
3,300, 345,2559
3,299, 347,2567
3,298, 348,2575
5,300, 349,2719
5,302, 349,2727
5,303, 350,2735
5,307, 351,2743
5,309, 351,2751
5,313, 351,2759
5,318, 352,2767
5,325, 352,2775
5,332, 354,2783
5,338, 354,2791
5,344, 354,2799
5,348, 354,2807
5,353, 354,2815
5,357, 354,2823
5,359, 354,2831
5,361, 354,2839
5,362, 354,2847
5,364, 354,2855
5,366, 354,2863
5,368, 354,2871
5,369, 354,2879
5,371, 354,2887
5,372, 354,2895
5,375, 355,2903
5,376, 356,2911
5,378, 357,2919
5,379, 358,2927
5,380, 360,2935
5,380, 362,2943
5,381, 364,2951
5,381, 365,2959
5,383, 368,2967
5,382, 370,2975
5,383, 373,2983
5,384, 377,2991
5,386, 380,2999
5,387, 382,3007
5,388, 385,3015
5,388, 388,3022
5,388, 390,3031
5,388, 392,3039
5,388, 394,3047
5,389, 396,3055
5,389, 398,3063
5,389, 401,3071
5,390, 403,3079
5,390, 406,3087
5,390, 407,3095
5,390, 408,3103
5,390, 409,3111
5,391, 409,3119
5,391, 410,3127
5,391, 411,3143
5,391, 412,3159
5,392, 413,3175
5,392, 414,3183
5,393, 415,3191
5,393, 416,3199
5,393, 417,3207
5,394, 419,3215
5,395, 421,3223
5,396, 422,3231
5,396, 424,3239
5,397, 427,3247
5,397, 428,3255
5,397, 429,3270
5,398, 429,3423
5,398, 430,3431
5,398, 431,3447
5,399, 432,3455
5,399, 433,3463
5,400, 433,3471
5,400, 434,3479
5,402, 435,3487
5,403, 436,3495
5,404, 439,3503
5,405, 440,3511
5,407, 442,3518
5,408, 443,3527
5,408, 444,3535
</data>

</pull>

<pull>
 <ip>24.60.118.5</ip>
 <referer>http://www.cs.umb.edu/~joecohen/mouse/?name=j</referer>
 <date>Sun Apr 22 23:41:25 EDT 2012</date>
 <userAgent>Mozilla/5.0 (X11; Linux x86_64) AppleWebKit/535.19 (KHTML, like Gecko) Ubuntu/11.10 Chromium/18.0.1025.142 Chrome/18.0.1025.142 Safari/535.19</userAgent>
 <userLang>en-US,en;q=0.8</userLang>
 <data>  
8,304, 446,22
8,311, 442,30
8,321, 433,38
8,330, 423,46
8,338, 414,54
8,346, 405,62
8,354, 395,70
8,356, 387,78
8,358, 380,86
8,360, 374,93
8,362, 370,102
8,363, 367,110
8,363, 365,118
8,364, 364,126
8,365, 363,134
8,365, 362,142
8,365, 361,150
8,365, 360,158
8,366, 359,166
8,366, 358,174
8,367, 358,182
8,368, 358,206
8,368, 357,222
8,368, 356,238
8,369, 356,254
8,370, 355,270
8,371, 355,278
8,372, 354,286
8,374, 354,302
8,375, 353,310
8,376, 353,318
8,377, 353,326
8,379, 353,334
8,381, 353,342
8,382, 353,350
8,384, 353,358
8,386, 353,366
8,387, 352,374
8,389, 352,382
8,392, 352,390
8,395, 352,398
8,396, 352,406
8,397, 351,414
8,398, 351,422
6,395, 351,542
6,391, 351,550
6,381, 349,558
6,370, 349,566
6,360, 349,574
6,346, 349,582
6,330, 349,590
6,314, 349,598
6,298, 349,606
6,283, 349,614
6,269, 349,623
6,256, 349,630
6,245, 349,638
6,235, 349,646
6,230, 349,654
6,226, 349,662
6,222, 349,670
6,221, 349,678
6,220, 349,686
6,218, 349,694
6,217, 349,702
6,216, 349,710
6,215, 349,718
6,214, 349,726
6,212, 349,734
6,211, 349,742
6,209, 349,750
6,208, 349,758
6,206, 349,766
6,204, 349,774
6,202, 349,782
6,199, 349,790
6,196, 349,798
6,194, 349,806
6,192, 349,814
6,191, 349,822
6,190, 349,830
6,189, 349,862
6,188, 349,870
6,187, 349,886
6,186, 349,902
4,187, 349,1014
4,191, 348,1022
4,199, 346,1030
4,209, 340,1038
4,220, 333,1046
4,231, 327,1054
4,244, 320,1062
4,261, 312,1070
4,280, 307,1078
4,297, 302,1086
4,313, 297,1094
4,328, 290,1102
4,342, 281,1110
4,355, 274,1118
4,367, 272,1126
4,376, 270,1134
4,384, 268,1142
4,388, 266,1150
4,393, 265,1158
4,394, 265,1174
4,394, 264,1190
4,395, 264,1214
4,395, 263,1318
4,396, 262,1326
4,398, 262,1333
4,399, 261,1342
4,400, 261,1350
4,401, 261,1358
4,402, 260,1366
4,402, 259,1374
3,402, 260,1470
3,400, 263,1478
3,397, 267,1486
3,393, 272,1494
3,388, 280,1502
3,380, 288,1510
3,371, 296,1518
3,362, 306,1526
3,352, 315,1534
3,346, 322,1542
3,339, 329,1550
3,332, 336,1558
3,327, 342,1566
3,323, 347,1574
3,321, 351,1582
3,320, 351,1590
3,320, 352,1598
3,320, 353,1606
3,319, 353,1614
3,317, 354,1694
3,316, 354,1702
3,314, 354,1718
3,313, 354,1726
3,312, 354,1742
3,311, 354,1758
3,310, 354,1766
3,308, 354,1774
3,307, 354,1782
3,306, 353,1790
3,305, 353,1830
5,307, 355,1910
5,310, 358,1918
5,315, 363,1926
5,321, 369,1934
5,329, 377,1942
5,338, 386,1950
5,344, 393,1958
5,351, 404,1966
5,358, 411,1974
5,363, 417,1982
5,368, 425,1990
5,372, 432,1998
5,374, 437,2006
5,375, 438,2014
5,376, 439,2022
5,377, 439,2046
5,378, 439,2070
5,379, 440,2077
5,380, 441,2094
5,381, 442,2103
5,382, 442,2110
5,383, 443,2118
5,384, 443,2126
5,385, 444,2142
5,386, 444,2150
5,388, 445,2166
5,389, 445,2174
5,390, 447,2182
5,391, 448,2190
5,392, 448,2198
5,394, 449,2206
5,395, 450,2214
5,396, 450,2222
5,397, 451,2230
5,398, 451,2254
</data>

</pull>

