<pull>
 <ip>71.243.16.251</ip>
 <referer>http://www.cs.umb.edu/~joecohen/mouse/?name=joe</referer>
 <date>Mon Apr 23 10:42:31 EDT 2012</date>
 <userAgent>Mozilla/5.0 (Macintosh; Intel Mac OS X 10_6_8) AppleWebKit/535.19 (KHTML, like Gecko) Chrome/18.0.1025.163 Safari/535.19</userAgent>
 <userLang>en-US,en;q=0.8</userLang>
 <data>  
8,291, 443,199
8,317, 434,214
8,342, 420,231
8,363, 405,248
8,379, 390,264
8,390, 379,281
8,393, 374,297
8,397, 369,314
8,397, 367,329
8,398, 366,346
8,398, 365,395
8,397, 365,478
8,396, 365,510
8,395, 365,526
8,395, 364,541
8,395, 363,592
8,395, 362,607
8,399, 356,624
6,398, 356,951
6,393, 356,967
6,387, 356,983
6,366, 356,1001
6,342, 356,1015
6,314, 356,1034
6,292, 356,1049
6,268, 356,1066
6,257, 356,1082
6,249, 356,1098
6,244, 356,1114
6,241, 356,1130
6,240, 356,1147
6,239, 356,1162
6,238, 356,1179
6,235, 356,1196
6,232, 356,1212
6,228, 356,1228
6,224, 356,1245
6,222, 356,1262
6,219, 356,1278
6,217, 356,1294
6,213, 356,1310
6,208, 356,1327
6,204, 356,1344
6,199, 356,1359
6,195, 356,1375
6,192, 356,1392
6,188, 356,1409
4,192, 355,1899
4,211, 342,1917
4,238, 326,1931
4,294, 290,1947
4,333, 263,1964
4,355, 247,1980
4,368, 237,1997
4,377, 231,2013
4,380, 229,2029
4,381, 228,2046
4,382, 228,2062
4,382, 229,2160
4,382, 230,2195
4,382, 231,2209
4,382, 233,2226
4,382, 235,2242
4,382, 237,2259
4,383, 239,2274
4,383, 240,2291
4,383, 242,2307
4,384, 244,2323
4,386, 245,2341
4,387, 246,2357
3,385, 246,3191
3,383, 250,3206
3,380, 254,3224
3,377, 257,3239
3,369, 265,3255
3,358, 277,3272
3,350, 285,3288
3,343, 295,3304
3,339, 300,3321
3,336, 305,3337
3,334, 309,3353
3,333, 312,3370
3,332, 314,3386
3,331, 316,3402
3,330, 317,3419
3,329, 319,3435
3,328, 321,3452
3,327, 323,3467
3,325, 327,3484
3,322, 331,3500
3,319, 335,3517
3,315, 340,3533
3,312, 345,3549
3,309, 349,3565
3,305, 353,3581
3,301, 356,3598
3,297, 359,3616
5,298, 360,4041
5,304, 364,4056
5,319, 376,4073
5,345, 394,4089
5,365, 409,4105
5,388, 428,4121
5,399, 439,4139
5,406, 446,4154
5,411, 451,4171
5,414, 454,4188
5,415, 455,4203
5,417, 457,4220
5,418, 458,4237
5,418, 460,4252
5,419, 462,4285
5,421, 462,4301
5,421, 463,4335
5,421, 464,4383
</data>

</pull>

