<pull>
 <ip>108.49.118.116</ip>
 <referer>http://www.cs.umb.edu/~joecohen/mouse/?name=lll</referer>
 <date>Tue May 8 15:08:05 EDT 2012</date>
 <userAgent>Mozilla/5.0 (Windows NT 6.0) AppleWebKit/535.19 (KHTML, like Gecko) Chrome/18.0.1025.168 Safari/535.19</userAgent>
 <userLang>en-US,en;q=0.8</userLang>
 <data>  
8,298, 452,2
8,298, 451,119
8,299, 450,127
8,300, 448,135
8,301, 447,143
8,302, 445,151
8,304, 443,160
8,306, 440,167
8,308, 439,175
8,311, 437,183
8,313, 435,191
8,316, 432,199
8,319, 431,208
8,323, 427,215
8,327, 425,223
8,330, 424,231
8,333, 422,239
8,336, 420,247
8,341, 418,255
8,344, 417,263
8,346, 415,271
8,350, 412,279
8,352, 411,287
8,354, 410,295
8,356, 408,303
8,360, 406,311
8,362, 404,326
8,369, 400,334
8,373, 399,343
8,374, 397,350
8,376, 397,358
8,379, 395,366
8,381, 394,374
8,384, 392,382
8,386, 391,390
8,388, 389,398
8,390, 388,406
8,392, 385,414
8,392, 384,422
8,394, 382,430
8,395, 380,438
8,397, 380,446
8,397, 378,454
8,398, 377,462
8,399, 375,470
8,401, 375,478
8,402, 373,488
8,404, 373,495
8,404, 372,503
8,404, 371,512
8,404, 370,544
8,405, 369,631
8,406, 368,639
8,406, 367,647
8,407, 367,662
8,409, 363,671
8,410, 362,688
8,410, 361,703
6,410, 361,809
6,408, 361,870
6,400, 361,879
6,397, 361,887
6,393, 361,902
6,373, 361,919
6,337, 357,927
6,325, 356,935
6,311, 354,944
6,301, 354,951
6,290, 354,959
6,282, 353,968
6,274, 353,975
6,266, 353,984
6,263, 353,991
6,259, 353,999
6,258, 352,1008
6,255, 352,1015
6,253, 352,1023
6,250, 352,1031
6,249, 352,1040
6,246, 352,1047
6,243, 351,1055
6,240, 351,1063
6,236, 351,1071
6,231, 351,1079
6,228, 351,1087
6,222, 350,1095
6,219, 350,1103
6,215, 350,1111
6,212, 349,1119
6,209, 348,1127
6,208, 348,1135
6,207, 348,1144
6,206, 347,1168
6,205, 347,1279
6,204, 347,1287
6,203, 347,1295
6,202, 347,1303
6,200, 347,1311
6,197, 347,1319
6,194, 347,1327
6,192, 347,1335
6,189, 347,1343
6,186, 348,1351
6,184, 348,1359
6,183, 348,1367
6,182, 348,1375
4,182, 348,1545
4,182, 349,1958
4,182, 348,2095
4,183, 348,2111
4,184, 347,2119
4,185, 347,2127
4,187, 347,2135
4,191, 346,2143
4,195, 345,2151
4,202, 342,2159
4,211, 340,2168
4,222, 335,2175
4,241, 328,2183
4,260, 321,2191
4,280, 312,2199
4,298, 304,2207
4,315, 297,2215
4,326, 293,2223
4,334, 288,2231
4,339, 285,2239
4,342, 281,2248
4,344, 279,2263
4,346, 276,2271
4,347, 275,2279
4,347, 274,2295
4,348, 273,2303
4,349, 271,2311
4,350, 270,2319
4,351, 269,2328
4,352, 268,2335
4,353, 267,2343
4,354, 265,2351
4,355, 264,2360
4,356, 264,2368
4,356, 263,2376
4,357, 263,2383
4,358, 262,2391
4,359, 261,2408
4,359, 260,2415
4,360, 259,2431
4,361, 259,2439
4,361, 258,2447
4,363, 257,2455
4,365, 255,2471
4,368, 254,2479
4,371, 252,2487
4,377, 251,2495
4,382, 250,2504
4,388, 249,2511
4,394, 247,2519
4,396, 247,2534
4,398, 246,2543
3,398, 246,2747
3,397, 246,2928
3,396, 247,3080
3,396, 248,3088
3,396, 249,3096
3,396, 250,3104
3,396, 252,3112
3,395, 254,3120
3,395, 255,3129
3,394, 256,3136
3,394, 257,3160
3,394, 258,3168
3,393, 258,3176
3,393, 259,3184
3,392, 259,3192
3,392, 260,3200
3,390, 261,3208
3,390, 262,3216
3,388, 265,3224
3,387, 267,3232
3,385, 271,3241
3,381, 275,3248
3,372, 286,3264
3,366, 292,3272
3,360, 298,3279
3,351, 304,3287
3,344, 308,3295
3,338, 312,3303
3,330, 316,3311
3,326, 318,3319
3,324, 321,3327
3,321, 323,3335
3,320, 324,3343
3,318, 326,3351
3,316, 329,3359
3,314, 331,3368
3,311, 334,3375
3,310, 335,3383
3,309, 337,3391
3,306, 341,3399
3,305, 342,3407
3,304, 343,3415
3,303, 345,3423
3,301, 346,3431
3,301, 347,3439
3,299, 347,3447
3,299, 348,3455
3,297, 349,3463
3,296, 350,3471
3,295, 351,3479
3,292, 351,3487
3,292, 353,3495
3,291, 353,3503
3,290, 354,3511
3,289, 355,3519
3,289, 356,3551
5,289, 356,3713
5,289, 355,3783
5,289, 354,3791
5,290, 353,3807
5,291, 352,3815
5,293, 350,3823
5,295, 349,3831
5,299, 347,3839
5,305, 345,3847
5,311, 343,3855
5,315, 342,3863
5,322, 341,3872
5,333, 340,3879
5,342, 340,3887
5,354, 340,3895
5,372, 340,3903
5,391, 340,3912
5,411, 340,3919
5,425, 340,3927
5,441, 340,3936
5,454, 340,3943
5,468, 341,3951
5,480, 342,3959
5,491, 345,3968
5,499, 347,3975
5,506, 351,3983
5,512, 354,3991
5,517, 358,3999
5,521, 362,4007
5,525, 368,4015
5,527, 373,4023
5,531, 382,4031
5,533, 388,4039
5,535, 392,4048
5,535, 398,4055
5,536, 403,4063
5,537, 409,4072
5,537, 416,4080
5,537, 421,4088
5,536, 428,4095
5,535, 434,4103
5,533, 441,4112
5,533, 447,4120
5,531, 454,4127
5,528, 462,4135
5,524, 470,4143
5,522, 476,4152
5,520, 480,4159
5,515, 488,4167
5,512, 492,4176
5,509, 496,4184
5,505, 502,4192
5,500, 508,4201
5,495, 513,4208
5,491, 517,4216
5,487, 520,4224
5,482, 524,4232
5,478, 527,4240
5,472, 530,4248
5,468, 533,4256
5,462, 535,4264
5,456, 538,4272
5,449, 538,4281
5,442, 540,4288
5,434, 543,4296
5,426, 544,4304
5,418, 545,4312
5,411, 546,4320
5,403, 546,4328
5,397, 546,4336
5,390, 546,4344
5,382, 546,4352
5,377, 545,4361
5,369, 542,4368
5,361, 539,4376
5,353, 537,4384
5,346, 533,4392
5,339, 529,4400
5,334, 527,4408
5,328, 523,4416
5,325, 520,4424
5,323, 516,4432
5,321, 511,4440
5,321, 505,4448
5,320, 500,4456
5,321, 491,4464
5,322, 484,4472
5,323, 479,4480
5,325, 470,4488
5,328, 462,4496
5,328, 458,4504
5,330, 452,4512
5,333, 446,4520
5,335, 440,4528
5,337, 436,4536
5,339, 430,4544
5,342, 425,4552
5,345, 419,4560
5,349, 413,4568
5,353, 407,4576
5,358, 401,4584
5,370, 389,4599
5,374, 386,4607
5,380, 382,4615
5,384, 379,4623
5,388, 376,4631
5,391, 375,4639
5,396, 374,4647
5,400, 374,4655
5,403, 374,4663
5,405, 374,4671
5,406, 376,4679
5,408, 377,4687
5,410, 380,4695
5,412, 384,4703
5,412, 387,4711
5,413, 391,4719
5,415, 396,4727
5,416, 399,4735
5,416, 402,4743
5,417, 406,4751
5,417, 411,4759
5,417, 414,4768
5,417, 417,4775
5,417, 420,4783
5,417, 422,4791
5,416, 425,4799
5,415, 428,4807
5,414, 429,4815
5,414, 430,4823
5,413, 432,4832
5,412, 434,4839
5,411, 436,4849
5,409, 438,4855
5,408, 440,4863
5,406, 441,4871
5,406, 443,4879
5,404, 444,4888
5,404, 445,4895
5,403, 447,4903
5,402, 448,4911
5,402, 449,4927
</data>

</pull>

<pull>
 <ip>108.49.118.116</ip>
 <referer>http://www.cs.umb.edu/~joecohen/mouse/?name=lll</referer>
 <date>Tue May 8 15:08:22 EDT 2012</date>
 <userAgent>Mozilla/5.0 (Windows NT 6.0) AppleWebKit/535.19 (KHTML, like Gecko) Chrome/18.0.1025.168 Safari/535.19</userAgent>
 <userLang>en-US,en;q=0.8</userLang>
 <data>  
8,299, 459,2
8,298, 459,39
8,298, 457,166
8,298, 455,167
8,299, 454,176
8,301, 452,183
8,302, 450,192
8,304, 447,200
8,306, 444,215
8,311, 436,224
8,313, 433,231
8,315, 430,240
8,318, 425,247
8,322, 421,256
8,327, 415,273
8,343, 401,279
8,349, 396,287
8,358, 389,296
8,366, 384,304
8,383, 375,320
8,387, 371,327
8,390, 368,335
8,394, 366,343
8,395, 364,352
8,397, 363,358
8,398, 363,367
8,399, 362,374
8,400, 361,382
8,401, 360,390
8,402, 359,398
8,403, 359,406
8,405, 358,422
8,406, 357,430
8,407, 357,439
8,408, 357,446
8,408, 356,454
8,410, 355,462
8,411, 354,479
8,413, 353,495
8,414, 352,502
8,415, 352,510
8,416, 351,518
8,417, 351,526
8,417, 350,534
8,418, 350,542
6,418, 350,689
6,416, 351,801
6,416, 352,808
6,415, 352,816
6,414, 352,824
6,414, 353,834
6,411, 353,840
6,409, 353,848
6,407, 354,857
6,404, 354,864
6,400, 354,872
6,396, 354,880
6,390, 354,888
6,385, 354,896
6,378, 354,905
6,368, 351,912
6,359, 350,920
6,348, 348,928
6,336, 347,936
6,327, 347,944
6,315, 346,953
6,301, 345,961
6,288, 344,968
6,279, 344,976
6,271, 344,986
6,264, 343,996
6,258, 343,1000
6,254, 343,1009
6,249, 343,1016
6,246, 343,1024
6,243, 343,1032
6,238, 343,1040
6,234, 343,1048
6,229, 342,1056
6,225, 342,1071
6,219, 342,1079
6,216, 342,1087
6,214, 342,1097
6,212, 342,1112
6,211, 341,1120
6,210, 341,1167
6,209, 341,1191
6,207, 342,1216
6,206, 342,1225
6,199, 344,1240
6,194, 345,1247
6,187, 348,1256
6,181, 350,1263
6,174, 352,1271
6,170, 354,1279
6,168, 355,1287
6,165, 355,1295
4,165, 355,1551
4,166, 355,1653
4,167, 355,1669
4,168, 355,1677
4,169, 355,1709
4,171, 355,1761
4,174, 355,1765
4,176, 355,1766
4,178, 355,1774
4,180, 355,1782
4,183, 355,1790
4,188, 354,1798
4,196, 352,1806
4,206, 349,1815
4,217, 347,1823
4,233, 341,1830
4,255, 334,1838
4,287, 325,1847
4,318, 315,1854
4,347, 309,1862
4,366, 303,1870
4,378, 299,1878
4,387, 294,1886
4,392, 292,1894
4,394, 290,1902
4,394, 289,1910
4,395, 287,1918
4,395, 285,1926
4,397, 283,1934
4,398, 281,1942
4,400, 279,1950
4,402, 278,1959
4,405, 274,1967
4,409, 272,1974
4,412, 269,1983
4,416, 267,1990
4,417, 265,1998
4,418, 263,2006
4,418, 262,2014
4,419, 261,2022
4,420, 260,2030
4,420, 259,2038
4,421, 258,2046
4,421, 257,2054
4,421, 256,2190
4,421, 255,2198
4,421, 254,2207
4,421, 252,2214
4,421, 251,2229
3,421, 251,2344
3,420, 251,2414
3,419, 252,2422
3,419, 253,2437
3,418, 253,2445
3,418, 254,2453
3,416, 256,2461
3,415, 257,2470
3,413, 258,2477
3,409, 263,2485
3,405, 265,2493
3,399, 271,2502
3,392, 276,2509
3,386, 281,2517
3,377, 286,2525
3,368, 293,2533
3,360, 299,2541
3,350, 306,2549
3,342, 312,2557
3,334, 319,2565
3,325, 326,2573
3,319, 330,2581
3,310, 336,2590
3,307, 338,2597
3,302, 342,2605
3,297, 347,2613
3,296, 349,2621
3,292, 352,2629
3,290, 355,2637
3,288, 356,2645
3,287, 358,2653
3,286, 359,2661
3,285, 360,2669
3,284, 360,2685
3,283, 361,2693
3,282, 361,2701
3,280, 361,2717
3,279, 361,2726
3,278, 361,2733
3,277, 361,2741
3,276, 361,2758
3,277, 360,2862
3,277, 359,2870
3,278, 359,2878
3,278, 358,2886
3,279, 357,2894
3,281, 356,2902
3,282, 355,2918
3,284, 355,2934
3,284, 354,2950
3,285, 354,2958
3,286, 354,2982
5,286, 354,3040
5,288, 354,3046
5,289, 354,3054
5,290, 355,3062
5,292, 356,3070
5,297, 358,3078
5,303, 362,3086
5,309, 365,3094
5,316, 368,3102
5,322, 371,3111
5,332, 376,3126
5,358, 391,3134
5,369, 396,3142
5,382, 400,3150
5,394, 403,3158
5,407, 407,3166
5,419, 408,3174
5,433, 409,3182
5,446, 409,3190
5,462, 409,3198
5,479, 410,3206
5,493, 414,3214
5,504, 416,3222
5,513, 417,3230
5,519, 418,3238
5,522, 421,3246
5,525, 421,3254
5,528, 426,3271
5,529, 428,3278
5,529, 429,3286
5,529, 430,3294
5,529, 433,3302
5,527, 438,3310
5,526, 443,3318
5,524, 448,3326
5,521, 454,3334
5,518, 460,3343
5,516, 467,3350
5,512, 473,3359
5,507, 479,3366
5,503, 484,3375
5,499, 488,3382
5,493, 495,3390
5,488, 499,3398
5,482, 503,3406
5,476, 505,3414
5,468, 510,3422
5,460, 513,3430
5,450, 516,3438
5,439, 517,3446
5,430, 518,3454
5,419, 518,3462
5,408, 518,3470
5,398, 515,3478
5,387, 514,3486
5,379, 512,3494
5,369, 510,3502
5,361, 509,3510
5,355, 507,3518
5,348, 506,3526
5,345, 504,3534
5,340, 503,3542
5,339, 502,3550
5,337, 499,3558
5,335, 495,3566
5,334, 492,3574
5,334, 489,3582
5,334, 485,3590
5,336, 478,3598
5,336, 474,3606
5,339, 468,3614
5,342, 465,3622
5,344, 461,3630
5,345, 458,3638
5,347, 455,3646
5,347, 453,3654
5,348, 451,3662
5,348, 450,3670
5,348, 449,3678
5,348, 448,3686
5,349, 447,3694
5,350, 445,3703
5,351, 444,3710
5,352, 443,3718
5,355, 440,3726
5,357, 439,3734
5,358, 437,3742
5,360, 437,3750
5,365, 436,3765
5,366, 436,3781
5,371, 436,3789
5,373, 436,3797
5,377, 436,3805
5,382, 438,3814
5,385, 440,3821
5,390, 441,3829
5,394, 442,3837
5,399, 443,3846
5,400, 445,3853
5,401, 445,3861
5,403, 446,3869
5,403, 447,3877
5,404, 448,3901
5,404, 450,3925
5,405, 450,3934
5,406, 451,3942
</data>

</pull>

